Frequency (Hz)	Level (dB)
86.132813	-59.111168
172.265625	-58.941315
258.398438	-64.199844
344.531250	-68.883568
430.664063	-71.657364
516.796875	-70.937096
602.929688	-70.635490
689.062500	-71.660660
775.195313	-70.749588
861.328125	-73.323784
947.460938	-75.852409
1033.593750	-77.763252
1119.726563	-78.441574
1205.859375	-75.824982
1291.992188	-72.141037
1378.125000	-59.652405
1464.257813	-55.793499
1550.390625	-59.879711
1636.523438	-66.685890
1722.656250	-72.718124
1808.789063	-78.692818
1894.921875	-80.854813
1981.054688	-72.070976
2067.187500	-71.729630
2153.320313	-73.913574
2239.453125	-73.717163
2325.585938	-72.869156
2411.718750	-68.571251
2497.851563	-68.745293
2583.984375	-77.902924
2670.117188	-71.810570
2756.250000	-73.534286
2842.382813	-76.803467
2928.515625	-77.851135
3014.648438	-78.068695
3100.781250	-79.888268
3186.914063	-81.782822
3273.046875	-86.342224
3359.179688	-82.745262
3445.312500	-79.842262
3531.445313	-77.424614
3617.578125	-70.048103
3703.710938	-69.524216
3789.843750	-75.318436
3875.976563	-78.175560
3962.109375	-77.614960
4048.242188	-75.544525
4134.375000	-70.954109
4220.507813	-72.247116
4306.640625	-77.978111
4392.773438	-78.257195
4478.906250	-79.857063
4565.039063	-80.244995
4651.171875	-84.632210
4737.304688	-85.918373
4823.437500	-78.970505
4909.570313	-79.811035
4995.703125	-87.409294
5081.835938	-80.942322
5167.968750	-77.813507
5254.101563	-78.061569
5340.234375	-80.294289
5426.367188	-81.318947
5512.500000	-82.269310
5598.632813	-87.250870
5684.765625	-84.169937
5770.898438	-78.002739
5857.031250	-76.897232
5943.164063	-76.061508
6029.296875	-75.802513
6115.429688	-76.709816
6201.562500	-79.145943
6287.695313	-83.338654
6373.828125	-87.829720
6459.960938	-86.397354
6546.093750	-87.107841
6632.226563	-90.698936
6718.359375	-95.418976
6804.492188	-97.064667
6890.625000	-90.530128
6976.757813	-85.302788
7062.890625	-86.125053
7149.023438	-88.219414
7235.156250	-90.681557
7321.289063	-87.006294
7407.421875	-84.280113
7493.554688	-86.256844
7579.687500	-90.060043
7665.820313	-91.819603
7751.953125	-91.206848
7838.085938	-84.772011
7924.218750	-78.564484
8010.351563	-77.300949
8096.484375	-81.887802
8182.617188	-92.562256
8268.750000	-101.441376
8354.882813	-100.998947
8441.015625	-98.615204
8527.148438	-94.614113
8613.281250	-96.505714
8699.414063	-98.342049
8785.546875	-104.652458
8871.679688	-102.004417
8957.812500	-105.114540
9043.945313	-107.756729
9130.078125	-101.774796
9216.210938	-95.743988
9302.343750	-95.222244
9388.476563	-101.422371
9474.609375	-101.695602
9560.742188	-105.173729
9646.875000	-105.966042
9733.007813	-101.838173
9819.140625	-98.085609
9905.273438	-97.934631
9991.406250	-94.904312
10077.539063	-97.505798
10163.671875	-99.286545
10249.804688	-94.238518
10335.937500	-95.927841
10422.070313	-102.872253
10508.203125	-98.807434
10594.335938	-101.029701
10680.468750	-103.284348
10766.601563	-98.211288
10852.734375	-97.035965
10938.867188	-97.187752
11025.000000	-98.876854
11111.132813	-100.436264
11197.265625	-92.323181
11283.398438	-89.821739
11369.531250	-91.168327
11455.664063	-96.874435
11541.796875	-104.863693
11627.929688	-107.639748
11714.062500	-108.823715
11800.195313	-107.014435
11886.328125	-111.010132
11972.460938	-109.876587
12058.593750	-110.240211
12144.726563	-108.067329
12230.859375	-104.299942
12316.992188	-102.933769
12403.125000	-106.044884
12489.257813	-114.128914
12575.390625	-115.116112
12661.523438	-112.256851
12747.656250	-112.050301
12833.789063	-115.899666
12919.921875	-113.825760
13006.054688	-114.409782
13092.187500	-117.168785
13178.320313	-113.545135
13264.453125	-112.110497
13350.585938	-115.955116
13436.718750	-114.674675
13522.851563	-107.380882
13608.984375	-105.582962
13695.117188	-110.152893
13781.250000	-116.118752
13867.382813	-112.033028
13953.515625	-113.054131
14039.648438	-116.975128
14125.781250	-116.256935
14211.914063	-110.675179
14298.046875	-108.710411
14384.179688	-106.213966
14470.312500	-104.240387
14556.445313	-101.925667
14642.578125	-106.249313
14728.710938	-104.988289
14814.843750	-103.864738
14900.976563	-102.623169
14987.109375	-103.066956
15073.242188	-107.662605
15159.375000	-107.489937
15245.507813	-107.631363
15331.640625	-110.823738
15417.773438	-108.676537
15503.906250	-108.786949
15590.039063	-114.242088
15676.171875	-112.161102
15762.304688	-110.005371
15848.437500	-109.107246
15934.570313	-107.598160
16020.703125	-108.955666
16106.835938	-115.919022
16192.968750	-117.298370
16279.101563	-118.129288
16365.234375	-119.714668
16451.367188	-122.040222
16537.500000	-120.300369
16623.632813	-120.320206
16709.765625	-123.767326
16795.898438	-122.297173
16882.031250	-120.822533
16968.164063	-122.074806
17054.296875	-121.703163
17140.429688	-121.648605
17226.562500	-121.047867
17312.695313	-122.560616
17398.828125	-124.142593
17484.960938	-123.841034
17571.093750	-124.750862
17657.226563	-126.420341
17743.359375	-128.580444
17829.492188	-128.126266
17915.625000	-125.506981
18001.757813	-122.390656
18087.890625	-122.346611
18174.023438	-121.427223
18260.156250	-122.674309
18346.289063	-123.286743
18432.421875	-122.549149
18518.554688	-125.550468
18604.687500	-127.420143
18690.820313	-128.316818
18776.953125	-129.280594
18863.085938	-128.657608
18949.218750	-126.289909
19035.351563	-126.726807
19121.484375	-126.639801
19207.617188	-129.842224
19293.750000	-130.583084
19379.882813	-127.207687
19466.015625	-125.927780
19552.148438	-126.073135
19638.281250	-125.070412
19724.414063	-126.629509
19810.546875	-130.866745
19896.679688	-131.053268
19982.812500	-131.693069
20068.945313	-132.733704
20155.078125	-132.935989
20241.210938	-136.100998
20327.343750	-134.523804
20413.476563	-135.387360
20499.609375	-136.935440
20585.742188	-138.935181
20671.875000	-139.303192
20758.007813	-140.057968
20844.140625	-139.059219
20930.273438	-141.289703
21016.406250	-144.209488
21102.539063	-143.658875
21188.671875	-144.689423
21274.804688	-145.359207
21360.937500	-146.323257
21447.070313	-147.442810
21533.203125	-150.139862
21619.335938	-153.660202
21705.468750	-153.643433
21791.601563	-156.600082
21877.734375	-158.393997
21963.867188	-158.922699
