Frequency (Hz)	Level (dB)
86.132813	-51.617085
172.265625	-51.691769
258.398438	-56.878838
344.531250	-61.609268
430.664063	-65.583801
516.796875	-62.265278
602.929688	-61.622368
689.062500	-63.285801
775.195313	-62.978645
861.328125	-64.661255
947.460938	-68.182632
1033.593750	-69.466904
1119.726563	-69.819008
1205.859375	-67.709648
1291.992188	-64.179337
1378.125000	-53.575584
1464.257813	-50.440434
1550.390625	-54.695316
1636.523438	-61.896675
1722.656250	-66.003418
1808.789063	-71.472504
1894.921875	-73.771927
1981.054688	-65.228775
2067.187500	-65.755936
2153.320313	-74.844032
2239.453125	-76.688103
2325.585938	-77.527344
2411.718750	-70.283234
2497.851563	-67.957169
2583.984375	-73.241463
2670.117188	-73.450058
2756.250000	-73.644997
2842.382813	-77.325233
2928.515625	-80.206467
3014.648438	-80.252327
3100.781250	-81.741333
3186.914063	-81.499039
3273.046875	-78.001198
3359.179688	-76.715416
3445.312500	-80.353043
3531.445313	-84.492058
3617.578125	-76.364082
3703.710938	-70.799110
3789.843750	-67.470596
3875.976563	-66.902496
3962.109375	-69.715462
4048.242188	-74.942398
4134.375000	-81.678520
4220.507813	-82.729347
4306.640625	-79.399933
4392.773438	-77.820999
4478.906250	-79.723900
4565.039063	-84.347679
4651.171875	-82.755928
4737.304688	-81.963890
4823.437500	-77.487572
4909.570313	-74.899536
4995.703125	-78.868568
5081.835938	-84.823738
5167.968750	-82.704407
5254.101563	-81.904747
5340.234375	-83.091789
5426.367188	-81.682426
5512.500000	-77.673424
5598.632813	-77.814827
5684.765625	-79.492516
5770.898438	-80.039146
5857.031250	-77.751381
5943.164063	-79.594749
6029.296875	-86.779755
6115.429688	-84.617432
6201.562500	-81.785362
6287.695313	-82.220490
6373.828125	-81.020081
6459.960938	-79.146683
6546.093750	-80.106056
6632.226563	-82.944717
6718.359375	-85.983398
6804.492188	-88.460060
6890.625000	-92.587570
6976.757813	-87.347359
7062.890625	-83.899094
7149.023438	-83.725006
7235.156250	-87.709251
7321.289063	-81.125641
7407.421875	-78.630898
7493.554688	-80.306519
7579.687500	-82.737831
7665.820313	-81.902435
7751.953125	-84.511200
7838.085938	-75.750305
7924.218750	-72.667282
8010.351563	-71.059570
8096.484375	-73.565994
8182.617188	-78.888519
8268.750000	-85.298401
8354.882813	-88.944153
8441.015625	-89.675858
8527.148438	-90.083954
8613.281250	-89.600998
8699.414063	-91.620766
8785.546875	-96.060516
8871.679688	-100.112091
8957.812500	-98.011116
9043.945313	-95.277016
9130.078125	-96.622620
9216.210938	-96.534081
9302.343750	-95.883430
9388.476563	-95.903252
9474.609375	-95.084221
9560.742188	-92.434052
9646.875000	-91.980469
9733.007813	-94.735184
9819.140625	-98.618088
9905.273438	-97.125175
9991.406250	-94.305756
10077.539063	-94.593231
10163.671875	-94.434113
10249.804688	-92.289307
10335.937500	-93.818283
10422.070313	-97.081032
10508.203125	-98.855507
10594.335938	-104.420341
10680.468750	-101.747650
10766.601563	-94.802094
10852.734375	-95.363358
10938.867188	-100.845543
11025.000000	-103.352013
11111.132813	-103.391098
11197.265625	-98.371315
11283.398438	-98.218338
11369.531250	-99.771576
11455.664063	-101.743752
11541.796875	-104.262314
11627.929688	-109.206108
11714.062500	-105.951569
11800.195313	-104.599304
11886.328125	-103.294624
11972.460938	-104.295303
12058.593750	-103.372551
12144.726563	-97.459282
12230.859375	-97.946968
12316.992188	-101.859718
12403.125000	-105.073494
12489.257813	-105.577003
12575.390625	-104.190834
12661.523438	-100.816071
12747.656250	-99.860672
12833.789063	-102.927452
12919.921875	-105.876801
13006.054688	-101.260521
13092.187500	-97.909653
13178.320313	-96.458725
13264.453125	-98.298813
13350.585938	-102.497673
13436.718750	-105.242599
13522.851563	-105.228630
13608.984375	-103.598106
13695.117188	-105.895866
13781.250000	-108.911980
13867.382813	-102.427399
13953.515625	-101.601944
14039.648438	-101.612000
14125.781250	-101.909500
14211.914063	-105.675087
14298.046875	-109.502480
14384.179688	-108.069344
14470.312500	-102.695663
14556.445313	-97.816452
14642.578125	-98.734360
14728.710938	-101.575943
14814.843750	-99.930107
14900.976563	-98.888840
14987.109375	-94.602432
15073.242188	-94.632767
15159.375000	-98.463898
15245.507813	-102.865685
15331.640625	-103.105019
15417.773438	-100.192513
15503.906250	-100.890358
15590.039063	-103.692886
15676.171875	-104.096817
15762.304688	-103.640648
15848.437500	-102.497261
15934.570313	-99.112389
16020.703125	-100.085724
16106.835938	-104.069885
16192.968750	-101.371490
16279.101563	-102.348953
16365.234375	-104.780403
16451.367188	-107.049683
16537.500000	-107.037178
16623.632813	-106.229568
16709.765625	-106.396950
16795.898438	-107.264877
16882.031250	-106.805817
16968.164063	-105.843620
17054.296875	-105.304832
17140.429688	-106.038315
17226.562500	-107.090240
17312.695313	-108.707268
17398.828125	-109.963142
17484.960938	-109.094841
17571.093750	-110.537842
17657.226563	-110.917770
17743.359375	-105.549118
17829.492188	-104.285973
17915.625000	-102.925262
18001.757813	-103.567146
18087.890625	-106.068123
18174.023438	-111.266991
18260.156250	-113.871140
18346.289063	-113.855942
18432.421875	-109.580872
18518.554688	-104.792503
18604.687500	-102.941086
18690.820313	-102.335205
18776.953125	-104.429901
18863.085938	-109.937691
18949.218750	-111.819130
19035.351563	-109.752403
19121.484375	-109.496628
19207.617188	-110.906685
19293.750000	-112.007225
19379.882813	-114.552994
19466.015625	-113.351433
19552.148438	-113.327011
19638.281250	-115.674767
19724.414063	-117.058601
19810.546875	-117.520103
19896.679688	-120.490768
19982.812500	-116.463921
20068.945313	-113.995926
20155.078125	-114.329865
20241.210938	-119.551125
20327.343750	-118.498482
20413.476563	-118.765770
20499.609375	-120.755371
20585.742188	-125.766884
20671.875000	-126.270287
20758.007813	-130.480652
20844.140625	-129.947037
20930.273438	-130.459503
21016.406250	-133.108200
21102.539063	-135.335754
21188.671875	-134.487106
21274.804688	-134.416351
21360.937500	-136.573318
21447.070313	-140.131714
21533.203125	-144.471329
21619.335938	-148.378281
21705.468750	-150.379318
21791.601563	-151.096832
21877.734375	-152.665588
21963.867188	-154.290527
