Frequency (Hz)	Level (dB)
86.132813	-42.661095
172.265625	-46.970982
258.398438	-49.776814
344.531250	-52.503967
430.664063	-53.811401
516.796875	-54.677982
602.929688	-55.913582
689.062500	-57.343494
775.195313	-58.895199
861.328125	-60.076416
947.460938	-63.053928
1033.593750	-63.979923
1119.726563	-62.779766
1205.859375	-60.953007
1291.992188	-60.952732
1378.125000	-61.088268
1464.257813	-52.297062
1550.390625	-52.472267
1636.523438	-58.334633
1722.656250	-63.349892
1808.789063	-60.285164
1894.921875	-61.782143
1981.054688	-60.057758
2067.187500	-55.019169
2153.320313	-57.344837
2239.453125	-66.945442
2325.585938	-67.128624
2411.718750	-63.216713
2497.851563	-60.251373
2583.984375	-62.786510
2670.117188	-60.958057
2756.250000	-59.157684
2842.382813	-57.370682
2928.515625	-55.781258
3014.648438	-57.993183
3100.781250	-66.565613
3186.914063	-69.966942
3273.046875	-65.016739
3359.179688	-64.260506
3445.312500	-62.824448
3531.445313	-60.115654
3617.578125	-65.603317
3703.710938	-70.786453
3789.843750	-67.472145
3875.976563	-65.992027
3962.109375	-55.595581
4048.242188	-51.520813
4134.375000	-54.955750
4220.507813	-62.723022
4306.640625	-66.960228
4392.773438	-65.813103
4478.906250	-61.361595
4565.039063	-63.276924
4651.171875	-67.591988
4737.304688	-65.479042
4823.437500	-63.071770
4909.570313	-64.853409
4995.703125	-60.934566
5081.835938	-52.485321
5167.968750	-51.876217
5254.101563	-55.763256
5340.234375	-53.391853
5426.367188	-48.148655
5512.500000	-48.698582
5598.632813	-52.529469
5684.765625	-50.998142
5770.898438	-48.639912
5857.031250	-39.881279
5943.164063	-36.098602
6029.296875	-41.329842
6115.429688	-53.752228
6201.562500	-58.472511
6287.695313	-60.452499
6373.828125	-62.818073
6459.960938	-67.532074
6546.093750	-72.049728
6632.226563	-71.920952
6718.359375	-70.673248
6804.492188	-67.333115
6890.625000	-64.863731
6976.757813	-65.648094
7062.890625	-66.011536
7149.023438	-65.921394
7235.156250	-73.248985
7321.289063	-67.315636
7407.421875	-61.860771
7493.554688	-64.366539
7579.687500	-60.295689
7665.820313	-59.726509
7751.953125	-65.905060
7838.085938	-66.092033
7924.218750	-62.828960
8010.351563	-65.634689
8096.484375	-69.598213
8182.617188	-73.300461
8268.750000	-76.385574
8354.882813	-77.519203
8441.015625	-78.247581
8527.148438	-77.376495
8613.281250	-78.889671
8699.414063	-78.365669
8785.546875	-77.946327
8871.679688	-73.905289
8957.812500	-69.272102
9043.945313	-71.728928
9130.078125	-74.248222
9216.210938	-72.134529
9302.343750	-71.996964
9388.476563	-75.083832
9474.609375	-78.612907
9560.742188	-75.680786
9646.875000	-75.892822
9733.007813	-78.868362
9819.140625	-81.001007
9905.273438	-82.951607
9991.406250	-85.800972
10077.539063	-87.881828
10163.671875	-89.268379
10249.804688	-90.244591
10335.937500	-87.900688
10422.070313	-85.985405
10508.203125	-82.271843
10594.335938	-80.872673
10680.468750	-81.552101
10766.601563	-82.930092
10852.734375	-85.544159
10938.867188	-89.097641
11025.000000	-89.612137
11111.132813	-89.420074
11197.265625	-84.992668
11283.398438	-83.775276
11369.531250	-86.277756
11455.664063	-89.546509
11541.796875	-87.414391
11627.929688	-86.462357
11714.062500	-84.569466
11800.195313	-82.690201
11886.328125	-82.926094
11972.460938	-80.387154
12058.593750	-72.933685
12144.726563	-70.040459
12230.859375	-74.114891
12316.992188	-80.402229
12403.125000	-83.450256
12489.257813	-87.836372
12575.390625	-89.621910
12661.523438	-92.294060
12747.656250	-92.149155
12833.789063	-92.189705
12919.921875	-95.222054
13006.054688	-93.781853
13092.187500	-93.374687
13178.320313	-93.585167
13264.453125	-92.106651
13350.585938	-90.660927
13436.718750	-90.699371
13522.851563	-91.309830
13608.984375	-93.854156
13695.117188	-97.544861
13781.250000	-95.471443
13867.382813	-92.473808
13953.515625	-91.396523
14039.648438	-91.359993
14125.781250	-93.325287
14211.914063	-96.773743
14298.046875	-92.342758
14384.179688	-87.160622
14470.312500	-87.245842
14556.445313	-91.986351
14642.578125	-98.796059
14728.710938	-95.307449
14814.843750	-96.937714
14900.976563	-98.759674
14987.109375	-101.197968
15073.242188	-101.644905
15159.375000	-96.497826
15245.507813	-97.672531
15331.640625	-95.977516
15417.773438	-95.290009
15503.906250	-95.397697
15590.039063	-98.330811
15676.171875	-100.106155
15762.304688	-97.372261
15848.437500	-93.434158
15934.570313	-91.577538
16020.703125	-93.319725
16106.835938	-93.887497
16192.968750	-94.782272
16279.101563	-92.650986
16365.234375	-91.742668
16451.367188	-92.533371
16537.500000	-95.651451
16623.632813	-95.151154
16709.765625	-96.606636
16795.898438	-98.307129
16882.031250	-99.480347
16968.164063	-99.311409
17054.296875	-98.872917
17140.429688	-97.155861
17226.562500	-100.167557
17312.695313	-101.396362
17398.828125	-101.072510
17484.960938	-100.267555
17571.093750	-96.139130
17657.226563	-93.815117
17743.359375	-92.551018
17829.492188	-91.752594
17915.625000	-89.614296
18001.757813	-85.661896
18087.890625	-84.133636
18174.023438	-86.705177
18260.156250	-92.967987
18346.289063	-98.589851
18432.421875	-100.878891
18518.554688	-98.795906
18604.687500	-97.550797
18690.820313	-100.619698
18776.953125	-107.241920
18863.085938	-107.141457
18949.218750	-107.315109
19035.351563	-103.844238
19121.484375	-102.725258
19207.617188	-101.290192
19293.750000	-102.714142
19379.882813	-105.554153
19466.015625	-104.896408
19552.148438	-101.584145
19638.281250	-102.538521
19724.414063	-105.766235
19810.546875	-109.562645
19896.679688	-109.892204
19982.812500	-108.341530
20068.945313	-109.848213
20155.078125	-113.823555
20241.210938	-111.527206
20327.343750	-111.747314
20413.476563	-111.052277
20499.609375	-115.520996
20585.742188	-119.398392
20671.875000	-121.044472
20758.007813	-117.959221
20844.140625	-118.992950
20930.273438	-120.236977
21016.406250	-121.327286
21102.539063	-122.965324
21188.671875	-122.402771
21274.804688	-121.514519
21360.937500	-121.233154
21447.070313	-123.114136
21533.203125	-129.140182
21619.335938	-136.832733
21705.468750	-139.208282
21791.601563	-138.079727
21877.734375	-136.419342
21963.867188	-136.769028
