Frequency (Hz)	Level (dB)
86.132813	-44.353615
172.265625	-44.634552
258.398438	-46.716347
344.531250	-49.748779
430.664063	-51.953865
516.796875	-53.028015
602.929688	-53.833340
689.062500	-55.268436
775.195313	-57.102650
861.328125	-58.991467
947.460938	-61.152542
1033.593750	-62.213257
1119.726563	-60.119148
1205.859375	-59.077366
1291.992188	-59.814915
1378.125000	-63.447311
1464.257813	-59.187302
1550.390625	-57.270351
1636.523438	-61.306168
1722.656250	-66.784523
1808.789063	-59.585064
1894.921875	-57.717896
1981.054688	-52.897427
2067.187500	-48.658031
2153.320313	-53.071404
2239.453125	-61.463863
2325.585938	-68.892883
2411.718750	-70.100037
2497.851563	-64.106300
2583.984375	-60.812748
2670.117188	-59.663425
2756.250000	-59.498074
2842.382813	-65.786003
2928.515625	-67.540375
3014.648438	-67.017349
3100.781250	-72.806732
3186.914063	-69.363892
3273.046875	-63.317810
3359.179688	-54.101963
3445.312500	-48.998882
3531.445313	-50.278599
3617.578125	-53.492313
3703.710938	-57.078796
3789.843750	-59.643051
3875.976563	-64.872978
3962.109375	-60.113430
4048.242188	-53.250660
4134.375000	-53.656254
4220.507813	-56.959232
4306.640625	-64.795952
4392.773438	-64.800636
4478.906250	-60.110615
4565.039063	-58.903873
4651.171875	-61.446720
4737.304688	-64.378380
4823.437500	-61.369999
4909.570313	-60.550716
4995.703125	-59.186794
5081.835938	-55.634163
5167.968750	-56.584461
5254.101563	-63.455120
5340.234375	-58.929626
5426.367188	-51.253311
5512.500000	-49.827751
5598.632813	-50.198895
5684.765625	-49.451477
5770.898438	-45.602638
5857.031250	-40.461140
5943.164063	-37.385548
6029.296875	-41.616856
6115.429688	-50.074448
6201.562500	-57.603352
6287.695313	-61.531311
6373.828125	-63.134869
6459.960938	-63.542305
6546.093750	-65.734352
6632.226563	-69.427071
6718.359375	-73.950905
6804.492188	-74.339302
6890.625000	-75.058357
6976.757813	-78.226921
7062.890625	-79.517975
7149.023438	-79.485176
7235.156250	-74.207710
7321.289063	-69.529930
7407.421875	-64.711586
7493.554688	-61.668339
7579.687500	-59.090149
7665.820313	-59.144676
7751.953125	-63.277145
7838.085938	-65.550148
7924.218750	-64.354759
8010.351563	-64.536629
8096.484375	-67.093460
8182.617188	-71.280739
8268.750000	-72.596725
8354.882813	-73.503136
8441.015625	-75.885117
8527.148438	-78.980804
8613.281250	-82.083939
8699.414063	-79.503166
8785.546875	-74.352295
8871.679688	-68.449532
8957.812500	-66.009346
9043.945313	-66.577705
9130.078125	-67.764519
9216.210938	-68.023964
9302.343750	-68.890823
9388.476563	-71.929390
9474.609375	-78.949081
9560.742188	-83.939987
9646.875000	-83.280243
9733.007813	-85.401978
9819.140625	-89.775406
9905.273438	-90.075264
9991.406250	-89.875511
10077.539063	-91.431061
10163.671875	-90.850456
10249.804688	-91.502235
10335.937500	-93.985313
10422.070313	-91.817337
10508.203125	-89.134842
10594.335938	-86.532539
10680.468750	-86.455292
10766.601563	-88.266754
10852.734375	-88.011497
10938.867188	-87.871475
11025.000000	-91.290352
11111.132813	-98.689011
11197.265625	-89.300232
11283.398438	-86.484810
11369.531250	-85.402390
11455.664063	-84.345078
11541.796875	-84.233879
11627.929688	-83.167107
11714.062500	-80.122337
11800.195313	-77.437775
11886.328125	-75.488106
11972.460938	-70.995567
12058.593750	-65.565598
12144.726563	-63.294380
12230.859375	-65.476173
12316.992188	-70.187035
12403.125000	-74.208534
12489.257813	-76.494148
12575.390625	-76.566811
12661.523438	-75.769524
12747.656250	-76.172768
12833.789063	-77.383728
12919.921875	-78.715294
13006.054688	-80.887978
13092.187500	-85.170029
13178.320313	-93.974693
13264.453125	-94.625938
13350.585938	-90.607986
13436.718750	-88.571487
13522.851563	-85.664467
13608.984375	-83.472351
13695.117188	-83.097672
13781.250000	-83.969589
13867.382813	-84.498383
13953.515625	-82.343056
14039.648438	-79.762077
14125.781250	-78.320267
14211.914063	-77.016953
14298.046875	-75.128250
14384.179688	-73.934303
14470.312500	-74.689598
14556.445313	-77.163948
14642.578125	-80.092155
14728.710938	-80.060135
14814.843750	-78.107368
14900.976563	-77.889442
14987.109375	-79.493607
15073.242188	-81.420822
15159.375000	-82.567825
15245.507813	-84.080124
15331.640625	-85.558311
15417.773438	-84.683693
15503.906250	-81.975433
15590.039063	-79.755119
15676.171875	-78.720070
15762.304688	-78.731682
15848.437500	-79.192116
15934.570313	-79.306778
16020.703125	-79.782555
16106.835938	-81.191277
16192.968750	-81.736740
16279.101563	-81.657280
16365.234375	-81.330101
16451.367188	-80.365318
16537.500000	-80.527618
16623.632813	-82.507957
16709.765625	-86.209221
16795.898438	-87.246429
16882.031250	-83.820297
16968.164063	-82.256561
17054.296875	-81.904602
17140.429688	-81.323433
17226.562500	-80.739403
17312.695313	-80.581482
17398.828125	-80.315392
17484.960938	-78.653831
17571.093750	-77.114342
17657.226563	-76.821487
17743.359375	-76.985519
17829.492188	-76.596092
17915.625000	-74.766579
18001.757813	-71.890991
18087.890625	-70.465149
18174.023438	-71.671562
18260.156250	-75.189926
18346.289063	-79.421219
18432.421875	-82.232315
18518.554688	-83.739479
18604.687500	-84.851662
18690.820313	-85.965988
18776.953125	-88.029892
18863.085938	-90.461136
18949.218750	-89.248299
19035.351563	-86.509872
19121.484375	-85.305428
19207.617188	-85.280449
19293.750000	-85.928696
19379.882813	-87.735443
19466.015625	-90.971245
19552.148438	-94.523102
19638.281250	-98.019615
19724.414063	-103.115959
19810.546875	-104.592598
19896.679688	-103.037590
19982.812500	-102.871780
20068.945313	-100.400566
20155.078125	-99.985641
20241.210938	-100.954773
20327.343750	-101.572624
20413.476563	-101.964912
20499.609375	-102.613594
20585.742188	-105.243950
20671.875000	-110.732475
20758.007813	-119.231544
20844.140625	-117.672127
20930.273438	-111.569412
21016.406250	-109.791473
21102.539063	-109.418152
21188.671875	-109.920006
21274.804688	-113.033752
21360.937500	-118.848251
21447.070313	-121.942764
21533.203125	-124.933266
21619.335938	-129.202713
21705.468750	-127.276649
21791.601563	-126.276955
21877.734375	-127.520157
21963.867188	-128.450073
