Frequency (Hz)	Level (dB)
86.132813	-42.394230
172.265625	-44.982109
258.398438	-47.621891
344.531250	-50.089699
430.664063	-52.082924
516.796875	-53.220562
602.929688	-54.039291
689.062500	-55.426018
775.195313	-57.576050
861.328125	-59.978897
947.460938	-61.956078
1033.593750	-61.766861
1119.726563	-60.473854
1205.859375	-59.664093
1291.992188	-59.702892
1378.125000	-61.990398
1464.257813	-61.243279
1550.390625	-59.412895
1636.523438	-63.071526
1722.656250	-66.392616
1808.789063	-59.781914
1894.921875	-58.685375
1981.054688	-54.717243
2067.187500	-50.346622
2153.320313	-54.706120
2239.453125	-64.337830
2325.585938	-70.879494
2411.718750	-70.953331
2497.851563	-65.612923
2583.984375	-61.992443
2670.117188	-60.717785
2756.250000	-61.490055
2842.382813	-70.139488
2928.515625	-67.427261
3014.648438	-65.959091
3100.781250	-70.188759
3186.914063	-71.255493
3273.046875	-66.138016
3359.179688	-56.164185
3445.312500	-50.818451
3531.445313	-52.540962
3617.578125	-56.769714
3703.710938	-60.744186
3789.843750	-62.742924
3875.976563	-65.516357
3962.109375	-65.303680
4048.242188	-58.883389
4134.375000	-58.476501
4220.507813	-61.841850
4306.640625	-68.611549
4392.773438	-71.157883
4478.906250	-66.890625
4565.039063	-65.206192
4651.171875	-67.332245
4737.304688	-71.450714
4823.437500	-71.774033
4909.570313	-71.940010
4995.703125	-67.888374
5081.835938	-62.388645
5167.968750	-63.393185
5254.101563	-70.592400
5340.234375	-68.528770
5426.367188	-61.356663
5512.500000	-59.908833
5598.632813	-60.281395
5684.765625	-59.301350
5770.898438	-56.073467
5857.031250	-51.465660
5943.164063	-48.960918
6029.296875	-53.479782
6115.429688	-62.002922
6201.562500	-69.602020
6287.695313	-73.813377
6373.828125	-74.461281
6459.960938	-72.775543
6546.093750	-72.851173
6632.226563	-72.681030
6718.359375	-72.227165
6804.492188	-72.139313
6890.625000	-71.916008
6976.757813	-74.735191
7062.890625	-82.826004
7149.023438	-83.482292
7235.156250	-79.544647
7321.289063	-70.095451
7407.421875	-63.382565
7493.554688	-57.409290
7579.687500	-53.372013
7665.820313	-53.348381
7751.953125	-57.224937
7838.085938	-60.092438
7924.218750	-60.528347
8010.351563	-63.311058
8096.484375	-67.951080
8182.617188	-69.641327
8268.750000	-69.263901
8354.882813	-70.534271
8441.015625	-74.531418
8527.148438	-79.250496
8613.281250	-75.735123
8699.414063	-73.214760
8785.546875	-72.027641
8871.679688	-67.677658
8957.812500	-65.241165
9043.945313	-66.326057
9130.078125	-68.469444
9216.210938	-68.620926
9302.343750	-69.195908
9388.476563	-72.829308
9474.609375	-80.261894
9560.742188	-82.813972
9646.875000	-82.730225
9733.007813	-81.164047
9819.140625	-83.017136
9905.273438	-86.850639
9991.406250	-86.285553
10077.539063	-83.820572
10163.671875	-82.429771
10249.804688	-83.515427
10335.937500	-88.698364
10422.070313	-80.677307
10508.203125	-74.737289
10594.335938	-73.026855
10680.468750	-74.988129
10766.601563	-81.159485
10852.734375	-94.429817
10938.867188	-88.137131
11025.000000	-84.916992
11111.132813	-85.955757
11197.265625	-83.797409
11283.398438	-80.568375
11369.531250	-81.164948
11455.664063	-82.875259
11541.796875	-82.771751
11627.929688	-82.376152
11714.062500	-80.987724
11800.195313	-79.605339
11886.328125	-79.023178
11972.460938	-74.083824
12058.593750	-67.792984
12144.726563	-65.476425
12230.859375	-67.631271
12316.992188	-72.321815
12403.125000	-76.129524
12489.257813	-78.695595
12575.390625	-79.113213
12661.523438	-78.781181
12747.656250	-79.180878
12833.789063	-80.043068
12919.921875	-81.475197
13006.054688	-83.684044
13092.187500	-86.711021
13178.320313	-91.262390
13264.453125	-92.981438
13350.585938	-90.115944
13436.718750	-88.632301
13522.851563	-89.067848
13608.984375	-91.043549
13695.117188	-90.708542
13781.250000	-89.764908
13867.382813	-92.684181
13953.515625	-94.889290
14039.648438	-88.397820
14125.781250	-87.044090
14211.914063	-86.991188
14298.046875	-84.767220
14384.179688	-82.845535
14470.312500	-81.737289
14556.445313	-81.268005
14642.578125	-82.509552
14728.710938	-85.148392
14814.843750	-86.549255
14900.976563	-86.924713
14987.109375	-87.446770
15073.242188	-87.499283
15159.375000	-87.590584
15245.507813	-89.369743
15331.640625	-90.951561
15417.773438	-90.569931
15503.906250	-89.245399
15590.039063	-85.743965
15676.171875	-83.993988
15762.304688	-84.866699
15848.437500	-86.090996
15934.570313	-85.722641
16020.703125	-85.046524
16106.835938	-85.687675
16192.968750	-88.581444
16279.101563	-91.708374
16365.234375	-93.002808
16451.367188	-92.510078
16537.500000	-89.591141
16623.632813	-87.772682
16709.765625	-88.150696
16795.898438	-89.397888
16882.031250	-90.273796
16968.164063	-90.374771
17054.296875	-89.481667
17140.429688	-88.916687
17226.562500	-88.242348
17312.695313	-87.923065
17398.828125	-88.233322
17484.960938	-88.746101
17571.093750	-90.072701
17657.226563	-89.469910
17743.359375	-88.255859
17829.492188	-89.427155
17915.625000	-86.019447
18001.757813	-80.914505
18087.890625	-78.325066
18174.023438	-78.688194
18260.156250	-81.350533
18346.289063	-84.964043
18432.421875	-88.450005
18518.554688	-89.748589
18604.687500	-89.184387
18690.820313	-90.056519
18776.953125	-93.936867
18863.085938	-107.788376
18949.218750	-96.275314
19035.351563	-92.536446
19121.484375	-92.966362
19207.617188	-94.449974
19293.750000	-95.699364
19379.882813	-97.027718
19466.015625	-97.395866
19552.148438	-98.185524
19638.281250	-99.863716
19724.414063	-102.910156
19810.546875	-104.157349
19896.679688	-100.549843
19982.812500	-100.713173
20068.945313	-101.574234
20155.078125	-102.104355
20241.210938	-103.859085
20327.343750	-105.080193
20413.476563	-106.399071
20499.609375	-108.900772
20585.742188	-111.108101
20671.875000	-113.670601
20758.007813	-116.869560
20844.140625	-121.746552
20930.273438	-122.092865
21016.406250	-116.685181
21102.539063	-116.109932
21188.671875	-116.755203
21274.804688	-117.792488
21360.937500	-120.698517
21447.070313	-125.972679
21533.203125	-128.251114
21619.335938	-131.627060
21705.468750	-133.134323
21791.601563	-129.262589
21877.734375	-130.852585
21963.867188	-135.499405
