Frequency (Hz)	Level (dB)
86.132813	-54.473320
172.265625	-54.681610
258.398438	-54.868416
344.531250	-54.562412
430.664063	-51.386738
516.796875	-54.682682
602.929688	-64.685844
689.062500	-61.450794
775.195313	-51.997215
861.328125	-53.540356
947.460938	-61.482033
1033.593750	-62.309433
1119.726563	-60.301228
1205.859375	-59.149704
1291.992188	-61.741222
1378.125000	-54.699883
1464.257813	-45.334785
1550.390625	-44.317699
1636.523438	-47.944843
1722.656250	-54.933216
1808.789063	-57.901192
1894.921875	-55.908749
1981.054688	-42.656494
2067.187500	-40.002136
2153.320313	-46.759724
2239.453125	-53.474873
2325.585938	-63.956432
2411.718750	-58.807407
2497.851563	-55.400288
2583.984375	-54.947971
2670.117188	-55.174942
2756.250000	-53.761913
2842.382813	-54.158527
2928.515625	-56.296471
3014.648438	-59.953945
3100.781250	-63.594261
3186.914063	-58.755390
3273.046875	-56.539459
3359.179688	-56.223961
3445.312500	-55.267567
3531.445313	-55.456532
3617.578125	-56.822426
3703.710938	-63.495567
3789.843750	-66.453804
3875.976563	-62.276360
3962.109375	-50.801907
4048.242188	-45.858601
4134.375000	-46.727028
4220.507813	-47.043694
4306.640625	-49.142265
4392.773438	-52.420494
4478.906250	-52.337635
4565.039063	-50.995903
4651.171875	-52.675098
4737.304688	-54.886871
4823.437500	-56.534687
4909.570313	-57.636272
4995.703125	-58.598377
5081.835938	-60.365948
5167.968750	-66.919220
5254.101563	-63.511684
5340.234375	-58.507824
5426.367188	-56.834457
5512.500000	-58.929066
5598.632813	-62.201817
5684.765625	-59.341694
5770.898438	-58.301342
5857.031250	-57.239025
5943.164063	-54.226662
6029.296875	-56.512306
6115.429688	-60.140453
6201.562500	-63.706619
6287.695313	-67.313919
6373.828125	-71.914833
6459.960938	-72.429359
6546.093750	-75.266510
6632.226563	-78.175949
6718.359375	-78.867905
6804.492188	-76.683334
6890.625000	-73.706078
6976.757813	-70.857826
7062.890625	-69.645271
7149.023438	-73.889175
7235.156250	-75.317696
7321.289063	-66.017029
7407.421875	-61.329899
7493.554688	-59.377781
7579.687500	-59.892349
7665.820313	-61.091381
7751.953125	-58.988483
7838.085938	-55.380020
7924.218750	-53.129517
8010.351563	-53.709610
8096.484375	-56.839603
8182.617188	-62.128750
8268.750000	-66.414749
8354.882813	-67.428490
8441.015625	-67.490402
8527.148438	-66.947250
8613.281250	-65.798233
8699.414063	-65.287483
8785.546875	-65.406952
8871.679688	-66.295418
8957.812500	-70.027550
9043.945313	-72.527145
9130.078125	-72.992943
9216.210938	-71.900978
9302.343750	-68.948601
9388.476563	-67.782661
9474.609375	-68.964859
9560.742188	-71.413605
9646.875000	-71.924332
9733.007813	-73.047424
9819.140625	-77.467598
9905.273438	-85.142632
9991.406250	-85.736862
10077.539063	-81.341995
10163.671875	-77.578964
10249.804688	-75.644478
10335.937500	-74.852661
10422.070313	-73.900124
10508.203125	-69.121826
10594.335938	-65.552727
10680.468750	-64.993935
10766.601563	-67.221146
10852.734375	-69.849442
10938.867188	-71.314987
11025.000000	-74.031830
11111.132813	-77.271912
11197.265625	-79.335281
11283.398438	-79.864098
11369.531250	-79.947731
11455.664063	-81.250557
11541.796875	-79.092415
11627.929688	-75.393829
11714.062500	-75.350639
11800.195313	-77.579521
11886.328125	-77.791458
11972.460938	-74.669075
12058.593750	-71.922089
12144.726563	-70.140587
12230.859375	-71.100700
12316.992188	-74.026329
12403.125000	-76.157234
12489.257813	-77.093758
12575.390625	-79.365211
12661.523438	-82.723221
12747.656250	-84.629333
12833.789063	-85.354294
12919.921875	-85.905663
13006.054688	-84.136360
13092.187500	-82.701881
13178.320313	-84.005135
13264.453125	-87.861496
13350.585938	-94.578598
13436.718750	-98.713577
13522.851563	-86.961647
13608.984375	-81.899002
13695.117188	-80.613525
13781.250000	-82.375603
13867.382813	-86.371162
13953.515625	-91.143288
14039.648438	-92.407310
14125.781250	-90.676559
14211.914063	-91.206764
14298.046875	-88.428467
14384.179688	-88.249367
14470.312500	-93.123131
14556.445313	-93.238808
14642.578125	-88.150902
14728.710938	-85.981476
14814.843750	-84.607208
14900.976563	-85.310516
14987.109375	-85.491875
15073.242188	-79.625237
15159.375000	-76.785439
15245.507813	-76.900398
15331.640625	-79.856407
15417.773438	-84.851425
15503.906250	-83.807228
15590.039063	-82.557846
15676.171875	-83.186569
15762.304688	-85.157341
15848.437500	-86.963692
15934.570313	-87.689705
16020.703125	-89.197922
16106.835938	-89.901802
16192.968750	-89.208275
16279.101563	-91.048431
16365.234375	-93.412621
16451.367188	-92.252213
16537.500000	-89.813721
16623.632813	-87.894707
16709.765625	-87.510635
16795.898438	-88.201660
16882.031250	-87.924255
16968.164063	-86.154930
17054.296875	-85.219673
17140.429688	-85.785851
17226.562500	-87.281570
17312.695313	-89.278381
17398.828125	-92.165428
17484.960938	-94.898666
17571.093750	-95.337257
17657.226563	-94.493309
17743.359375	-92.947914
17829.492188	-93.053154
17915.625000	-93.451805
18001.757813	-90.173599
18087.890625	-88.294609
18174.023438	-90.769012
18260.156250	-94.506020
18346.289063	-91.738739
18432.421875	-88.976501
18518.554688	-87.697372
18604.687500	-87.029747
18690.820313	-87.734108
18776.953125	-90.837349
18863.085938	-98.981445
18949.218750	-99.704437
19035.351563	-94.386749
19121.484375	-92.698189
19207.617188	-93.555511
19293.750000	-96.371597
19379.882813	-98.883797
19466.015625	-98.151711
19552.148438	-95.684944
19638.281250	-96.205437
19724.414063	-98.837593
19810.546875	-99.814461
19896.679688	-104.242416
19982.812500	-111.584534
20068.945313	-103.242966
20155.078125	-103.717255
20241.210938	-107.824944
20327.343750	-112.936913
20413.476563	-117.830322
20499.609375	-112.653793
20585.742188	-109.164192
20671.875000	-108.486916
20758.007813	-111.648178
20844.140625	-116.137001
20930.273438	-120.776764
21016.406250	-120.302589
21102.539063	-114.865280
21188.671875	-116.532471
21274.804688	-126.710449
21360.937500	-130.571335
21447.070313	-123.915947
21533.203125	-120.749428
21619.335938	-121.591660
21705.468750	-125.348366
21791.601563	-129.589844
21877.734375	-130.949051
21963.867188	-133.428345
