Frequency (Hz)	Level (dB)
86.132813	-64.059296
172.265625	-62.575794
258.398438	-63.715088
344.531250	-65.840080
430.664063	-67.655121
516.796875	-69.737267
602.929688	-69.875290
689.062500	-70.449844
775.195313	-72.517853
861.328125	-75.797417
947.460938	-73.952530
1033.593750	-66.491852
1119.726563	-63.867870
1205.859375	-70.144196
1291.992188	-73.366959
1378.125000	-70.540390
1464.257813	-71.002602
1550.390625	-69.650642
1636.523438	-67.130798
1722.656250	-65.692680
1808.789063	-63.509670
1894.921875	-61.556534
1981.054688	-62.147404
2067.187500	-62.715862
2153.320313	-61.095581
2239.453125	-64.496460
2325.585938	-70.336372
2411.718750	-72.405670
2497.851563	-70.458817
2583.984375	-67.858696
2670.117188	-65.961006
2756.250000	-67.333084
2842.382813	-71.534248
2928.515625	-78.312935
3014.648438	-84.507706
3100.781250	-86.282051
3186.914063	-80.784523
3273.046875	-76.808929
3359.179688	-69.914497
3445.312500	-66.119377
3531.445313	-65.911125
3617.578125	-66.848305
3703.710938	-70.609001
3789.843750	-65.760094
3875.976563	-56.311951
3962.109375	-55.002525
4048.242188	-58.034328
4134.375000	-60.657726
4220.507813	-61.869434
4306.640625	-66.034775
4392.773438	-69.341713
4478.906250	-66.052216
4565.039063	-63.370338
4651.171875	-61.850243
4737.304688	-60.939381
4823.437500	-59.872509
4909.570313	-56.997158
4995.703125	-53.083466
5081.835938	-52.085068
5167.968750	-56.436867
5254.101563	-59.420509
5340.234375	-60.462925
5426.367188	-60.654915
5512.500000	-61.278870
5598.632813	-63.338581
5684.765625	-64.888451
5770.898438	-64.679436
5857.031250	-64.216476
5943.164063	-64.877617
6029.296875	-68.529228
6115.429688	-75.447594
6201.562500	-67.375908
6287.695313	-61.326000
6373.828125	-61.854568
6459.960938	-66.406387
6546.093750	-71.089989
6632.226563	-73.621994
6718.359375	-75.699348
6804.492188	-76.544525
6890.625000	-78.638885
6976.757813	-79.122543
7062.890625	-80.384621
7149.023438	-80.982841
7235.156250	-78.580643
7321.289063	-73.981125
7407.421875	-71.699211
7493.554688	-72.721146
7579.687500	-76.074738
7665.820313	-78.404373
7751.953125	-73.659370
7838.085938	-75.374763
7924.218750	-82.873459
8010.351563	-84.943291
8096.484375	-82.392990
8182.617188	-83.516792
8268.750000	-85.996361
8354.882813	-92.691002
8441.015625	-92.067146
8527.148438	-87.144119
8613.281250	-85.556358
8699.414063	-84.330956
8785.546875	-85.587502
8871.679688	-86.479805
8957.812500	-81.509460
9043.945313	-77.328476
9130.078125	-74.353653
9216.210938	-73.563416
9302.343750	-75.361176
9388.476563	-79.071808
9474.609375	-82.232880
9560.742188	-82.294884
9646.875000	-79.630127
9733.007813	-78.624367
9819.140625	-79.412544
9905.273438	-81.103516
9991.406250	-85.039047
10077.539063	-87.087830
10163.671875	-87.269119
10249.804688	-84.436150
10335.937500	-78.058632
10422.070313	-73.631737
10508.203125	-69.820831
10594.335938	-66.680458
10680.468750	-64.735016
10766.601563	-65.687347
10852.734375	-69.320618
10938.867188	-73.731674
11025.000000	-76.761833
11111.132813	-79.385635
11197.265625	-81.596161
11283.398438	-80.016960
11369.531250	-79.219414
11455.664063	-80.170822
11541.796875	-82.579521
11627.929688	-85.888023
11714.062500	-92.967430
11800.195313	-86.090607
11886.328125	-80.021248
11972.460938	-78.041397
12058.593750	-79.249321
12144.726563	-82.927376
12230.859375	-86.818581
12316.992188	-91.824844
12403.125000	-94.432785
12489.257813	-94.718552
12575.390625	-95.990982
12661.523438	-95.454704
12747.656250	-96.050301
12833.789063	-98.197212
12919.921875	-102.478462
13006.054688	-101.561722
13092.187500	-96.592529
13178.320313	-94.953186
13264.453125	-93.642021
13350.585938	-91.695740
13436.718750	-90.944740
13522.851563	-93.020523
13608.984375	-98.584290
13695.117188	-101.487694
13781.250000	-102.044914
13867.382813	-102.603851
13953.515625	-101.414093
14039.648438	-99.343719
14125.781250	-97.215340
14211.914063	-96.962143
14298.046875	-95.488609
14384.179688	-94.166046
14470.312500	-94.028419
14556.445313	-94.799728
14642.578125	-96.317360
14728.710938	-97.630852
14814.843750	-100.992752
14900.976563	-102.077751
14987.109375	-100.773781
15073.242188	-100.075813
15159.375000	-99.772278
15245.507813	-101.714211
15331.640625	-99.735832
15417.773438	-95.321182
15503.906250	-93.048050
15590.039063	-92.522499
15676.171875	-92.246193
15762.304688	-92.462761
15848.437500	-94.770546
15934.570313	-99.391876
16020.703125	-101.449921
16106.835938	-99.342049
16192.968750	-98.723351
16279.101563	-99.080818
16365.234375	-100.313362
16451.367188	-103.034790
16537.500000	-107.291084
16623.632813	-109.855148
16709.765625	-109.442780
16795.898438	-109.520561
16882.031250	-109.980286
16968.164063	-108.769775
17054.296875	-107.201477
17140.429688	-107.171021
17226.562500	-109.190956
17312.695313	-111.077194
17398.828125	-112.385719
17484.960938	-114.235237
17571.093750	-116.558792
17657.226563	-115.736748
17743.359375	-112.745010
17829.492188	-111.196434
17915.625000	-112.010277
18001.757813	-113.426468
18087.890625	-116.775223
18174.023438	-114.707512
18260.156250	-110.012688
18346.289063	-108.568489
18432.421875	-110.366653
18518.554688	-113.953651
18604.687500	-115.288208
18690.820313	-115.110802
18776.953125	-115.134377
18863.085938	-117.125687
18949.218750	-119.056282
19035.351563	-115.790947
19121.484375	-113.452995
19207.617188	-112.765709
19293.750000	-113.527710
19379.882813	-115.742989
19466.015625	-120.063087
19552.148438	-122.052193
19638.281250	-122.368965
19724.414063	-121.400093
19810.546875	-119.561920
19896.679688	-117.533386
19982.812500	-116.361343
20068.945313	-117.003761
20155.078125	-119.051338
20241.210938	-122.070694
20327.343750	-124.096771
20413.476563	-125.727188
20499.609375	-125.610352
20585.742188	-124.591675
20671.875000	-123.672928
20758.007813	-122.507568
20844.140625	-123.220642
20930.273438	-127.505791
21016.406250	-133.565475
21102.539063	-136.055008
21188.671875	-134.392212
21274.804688	-133.143875
21360.937500	-132.640869
21447.070313	-134.289200
21533.203125	-136.735687
21619.335938	-139.757751
21705.468750	-146.764954
21791.601563	-150.133789
21877.734375	-148.235870
21963.867188	-150.272995
