Frequency (Hz)	Level (dB)
86.132813	-54.978458
172.265625	-56.830811
258.398438	-59.377701
344.531250	-61.489311
430.664063	-61.514492
516.796875	-61.010719
602.929688	-60.812733
689.062500	-61.899597
775.195313	-63.684231
861.328125	-65.032326
947.460938	-66.146317
1033.593750	-64.369652
1119.726563	-64.285294
1205.859375	-61.828823
1291.992188	-59.710812
1378.125000	-58.881550
1464.257813	-59.574387
1550.390625	-61.778572
1636.523438	-66.509857
1722.656250	-70.418503
1808.789063	-70.435722
1894.921875	-70.036766
1981.054688	-67.198921
2067.187500	-63.269905
2153.320313	-60.586021
2239.453125	-60.652699
2325.585938	-62.093906
2411.718750	-64.841087
2497.851563	-66.145142
2583.984375	-63.143173
2670.117188	-60.856354
2756.250000	-59.305271
2842.382813	-58.516682
2928.515625	-60.006783
3014.648438	-64.028564
3100.781250	-68.721924
3186.914063	-72.617058
3273.046875	-71.681335
3359.179688	-65.135010
3445.312500	-61.946117
3531.445313	-61.589081
3617.578125	-62.243950
3703.710938	-63.851959
3789.843750	-64.472694
3875.976563	-64.234802
3962.109375	-66.508644
4048.242188	-69.704269
4134.375000	-63.377754
4220.507813	-60.025822
4306.640625	-60.408665
4392.773438	-61.588135
4478.906250	-63.349247
4565.039063	-63.859482
4651.171875	-61.898632
4737.304688	-60.769382
4823.437500	-60.053543
4909.570313	-57.837147
4995.703125	-54.846886
5081.835938	-52.358318
5167.968750	-53.097092
5254.101563	-55.733501
5340.234375	-57.608295
5426.367188	-59.392097
5512.500000	-61.575165
5598.632813	-64.878258
5684.765625	-67.785576
5770.898438	-67.183617
5857.031250	-67.711044
5943.164063	-65.002579
6029.296875	-61.748985
6115.429688	-61.212605
6201.562500	-62.435127
6287.695313	-66.069481
6373.828125	-72.670364
6459.960938	-72.662880
6546.093750	-70.789268
6632.226563	-70.601738
6718.359375	-70.949516
6804.492188	-74.262360
6890.625000	-80.091690
6976.757813	-83.074402
7062.890625	-80.122894
7149.023438	-75.808037
7235.156250	-76.108009
7321.289063	-73.815643
7407.421875	-72.428261
7493.554688	-69.893738
7579.687500	-68.861259
7665.820313	-69.780952
7751.953125	-73.515388
7838.085938	-76.461838
7924.218750	-75.433296
8010.351563	-80.323227
8096.484375	-77.883949
8182.617188	-71.024460
8268.750000	-69.430954
8354.882813	-68.606697
8441.015625	-70.216225
8527.148438	-74.096458
8613.281250	-77.091576
8699.414063	-76.257751
8785.546875	-71.770042
8871.679688	-70.854843
8957.812500	-71.870918
9043.945313	-72.857353
9130.078125	-73.193298
9216.210938	-72.112785
9302.343750	-70.525894
9388.476563	-70.791504
9474.609375	-71.723495
9560.742188	-71.159004
9646.875000	-72.832481
9733.007813	-71.998444
9819.140625	-71.964554
9905.273438	-72.321106
9991.406250	-74.278679
10077.539063	-78.727249
10163.671875	-79.406174
10249.804688	-71.308525
10335.937500	-65.867989
10422.070313	-63.652355
10508.203125	-62.732578
10594.335938	-61.858994
10680.468750	-60.690533
10766.601563	-61.802086
10852.734375	-65.763626
10938.867188	-69.081917
11025.000000	-70.423950
11111.132813	-72.814934
11197.265625	-76.845734
11283.398438	-82.967331
11369.531250	-82.415413
11455.664063	-80.870148
11541.796875	-80.379677
11627.929688	-80.342133
11714.062500	-80.582237
11800.195313	-74.822830
11886.328125	-72.307701
11972.460938	-72.923843
12058.593750	-74.141983
12144.726563	-73.100952
12230.859375	-72.914825
12316.992188	-74.797173
12403.125000	-75.953232
12489.257813	-75.415771
12575.390625	-74.575996
12661.523438	-73.802460
12747.656250	-73.672180
12833.789063	-75.509621
12919.921875	-81.822365
13006.054688	-86.713425
13092.187500	-83.213623
13178.320313	-80.703629
13264.453125	-77.607857
13350.585938	-75.123085
13436.718750	-74.359795
13522.851563	-75.269585
13608.984375	-78.081940
13695.117188	-83.038246
13781.250000	-89.066055
13867.382813	-92.013252
13953.515625	-88.424469
14039.648438	-85.004318
14125.781250	-85.107292
14211.914063	-89.811218
14298.046875	-89.916847
14384.179688	-82.616348
14470.312500	-79.074104
14556.445313	-77.398254
14642.578125	-76.443802
14728.710938	-76.043365
14814.843750	-76.368027
14900.976563	-79.371925
14987.109375	-84.776283
15073.242188	-86.651283
15159.375000	-80.633263
15245.507813	-77.420563
15331.640625	-75.084969
15417.773438	-73.548393
15503.906250	-73.260582
15590.039063	-73.823578
15676.171875	-74.321510
15762.304688	-74.983932
15848.437500	-78.100609
15934.570313	-83.524574
16020.703125	-88.507156
16106.835938	-90.436630
16192.968750	-92.915062
16279.101563	-96.410614
16365.234375	-93.512283
16451.367188	-91.383331
16537.500000	-88.907677
16623.632813	-89.934570
16709.765625	-95.633270
16795.898438	-94.368713
16882.031250	-86.774704
16968.164063	-82.063553
17054.296875	-79.827179
17140.429688	-79.414871
17226.562500	-80.900833
17312.695313	-85.411789
17398.828125	-94.075378
17484.960938	-92.539429
17571.093750	-87.741882
17657.226563	-84.450439
17743.359375	-83.055008
17829.492188	-83.236557
17915.625000	-85.511047
18001.757813	-90.467346
18087.890625	-94.169121
18174.023438	-89.158295
18260.156250	-86.795204
18346.289063	-87.335770
18432.421875	-89.748993
18518.554688	-92.694473
18604.687500	-96.683411
18690.820313	-94.601074
18776.953125	-91.500526
18863.085938	-91.580322
18949.218750	-92.797256
19035.351563	-93.069168
19121.484375	-92.095055
19207.617188	-89.401131
19293.750000	-86.029671
19379.882813	-84.935242
19466.015625	-86.741791
19552.148438	-89.539597
19638.281250	-91.174042
19724.414063	-93.218422
19810.546875	-97.064636
19896.679688	-97.997406
19982.812500	-96.197418
20068.945313	-95.351768
20155.078125	-94.168610
20241.210938	-92.522789
20327.343750	-91.722755
20413.476563	-91.954918
20499.609375	-92.316605
20585.742188	-92.161537
20671.875000	-93.489120
20758.007813	-96.649925
20844.140625	-100.820297
20930.273438	-104.641792
21016.406250	-109.374954
21102.539063	-114.092346
21188.671875	-116.416428
21274.804688	-119.139786
21360.937500	-126.936676
21447.070313	-126.553551
21533.203125	-124.549591
21619.335938	-126.523697
21705.468750	-128.408508
21791.601563	-128.502823
21877.734375	-129.273621
21963.867188	-137.022064
