Frequency (Hz)	Level (dB)
86.132813	-51.846062
172.265625	-55.291512
258.398438	-58.373886
344.531250	-60.320267
430.664063	-61.184029
516.796875	-61.165421
602.929688	-61.532867
689.062500	-62.546513
775.195313	-64.415993
861.328125	-66.761162
947.460938	-69.825325
1033.593750	-68.124672
1119.726563	-66.049797
1205.859375	-61.834343
1291.992188	-59.594345
1378.125000	-58.850254
1464.257813	-61.115658
1550.390625	-64.927475
1636.523438	-69.770325
1722.656250	-69.103439
1808.789063	-65.352303
1894.921875	-66.198532
1981.054688	-71.421684
2067.187500	-64.838448
2153.320313	-54.841675
2239.453125	-55.012402
2325.585938	-61.773018
2411.718750	-63.788193
2497.851563	-61.312363
2583.984375	-58.765759
2670.117188	-57.819454
2756.250000	-56.046551
2842.382813	-52.941486
2928.515625	-56.182724
3014.648438	-69.345680
3100.781250	-66.956390
3186.914063	-63.714146
3273.046875	-61.749142
3359.179688	-59.959579
3445.312500	-60.667103
3531.445313	-62.063259
3617.578125	-62.469074
3703.710938	-62.488926
3789.843750	-60.642303
3875.976563	-55.782162
3962.109375	-51.817104
4048.242188	-52.180649
4134.375000	-49.035675
4220.507813	-46.850285
4306.640625	-51.843113
4392.773438	-55.695290
4478.906250	-61.719952
4565.039063	-69.166527
4651.171875	-63.628334
4737.304688	-58.927303
4823.437500	-54.750031
4909.570313	-50.086647
4995.703125	-44.200615
5081.835938	-39.950031
5167.968750	-42.450214
5254.101563	-46.605991
5340.234375	-48.779602
5426.367188	-51.285202
5512.500000	-53.587219
5598.632813	-54.997597
5684.765625	-56.714066
5770.898438	-59.149590
5857.031250	-59.742748
5943.164063	-59.388504
6029.296875	-59.533138
6115.429688	-57.232491
6201.562500	-53.142433
6287.695313	-47.977856
6373.828125	-50.529373
6459.960938	-56.743855
6546.093750	-57.624340
6632.226563	-62.049110
6718.359375	-64.744621
6804.492188	-67.106133
6890.625000	-67.074181
6976.757813	-65.587242
7062.890625	-64.615784
7149.023438	-63.474190
7235.156250	-61.390381
7321.289063	-59.036537
7407.421875	-57.057850
7493.554688	-58.021423
7579.687500	-61.332359
7665.820313	-64.152222
7751.953125	-66.837151
7838.085938	-68.559303
7924.218750	-73.751892
8010.351563	-71.931244
8096.484375	-68.340385
8182.617188	-65.824242
8268.750000	-65.537186
8354.882813	-69.068336
8441.015625	-74.480766
8527.148438	-72.744202
8613.281250	-69.146736
8699.414063	-67.528130
8785.546875	-66.446922
8871.679688	-65.732750
8957.812500	-65.146576
9043.945313	-67.349701
9130.078125	-68.090157
9216.210938	-64.039436
9302.343750	-60.213181
9388.476563	-60.382729
9474.609375	-63.403561
9560.742188	-65.702660
9646.875000	-68.698250
9733.007813	-73.264488
9819.140625	-80.228226
9905.273438	-80.511909
9991.406250	-77.206673
10077.539063	-73.802345
10163.671875	-69.877136
10249.804688	-66.383759
10335.937500	-64.364639
10422.070313	-63.937023
10508.203125	-61.931721
10594.335938	-58.992901
10680.468750	-55.650391
10766.601563	-55.586479
10852.734375	-58.475746
10938.867188	-60.940521
11025.000000	-63.380280
11111.132813	-66.506264
11197.265625	-67.827515
11283.398438	-66.512184
11369.531250	-65.533234
11455.664063	-65.177696
11541.796875	-65.080971
11627.929688	-65.790749
11714.062500	-67.086685
11800.195313	-67.980469
11886.328125	-65.152695
11972.460938	-62.879402
12058.593750	-62.363705
12144.726563	-63.379757
12230.859375	-66.457603
12316.992188	-69.728912
12403.125000	-72.483238
12489.257813	-74.656013
12575.390625	-75.841347
12661.523438	-75.520004
12747.656250	-75.501732
12833.789063	-77.289894
12919.921875	-82.349747
13006.054688	-86.992058
13092.187500	-84.522011
13178.320313	-81.647194
13264.453125	-80.193436
13350.585938	-78.469002
13436.718750	-76.550087
13522.851563	-76.801537
13608.984375	-79.812668
13695.117188	-84.024292
13781.250000	-85.258148
13867.382813	-84.987152
13953.515625	-86.294022
14039.648438	-88.148323
14125.781250	-86.142288
14211.914063	-83.575394
14298.046875	-82.323463
14384.179688	-80.674103
14470.312500	-82.165535
14556.445313	-83.194710
14642.578125	-83.289474
14728.710938	-82.839714
14814.843750	-81.475319
14900.976563	-79.663803
14987.109375	-78.154419
15073.242188	-76.846283
15159.375000	-76.417313
15245.507813	-75.143967
15331.640625	-73.140007
15417.773438	-71.248215
15503.906250	-69.731110
15590.039063	-68.088486
15676.171875	-65.848404
15762.304688	-63.999352
15848.437500	-64.855904
15934.570313	-67.113678
16020.703125	-69.432114
16106.835938	-71.163086
16192.968750	-72.154892
16279.101563	-71.796051
16365.234375	-70.416977
16451.367188	-69.855377
16537.500000	-69.722427
16623.632813	-70.678665
16709.765625	-72.401199
16795.898438	-73.679787
16882.031250	-74.029167
16968.164063	-73.749695
17054.296875	-73.344574
17140.429688	-72.969910
17226.562500	-72.952682
17312.695313	-72.733154
17398.828125	-72.782433
17484.960938	-72.646896
17571.093750	-72.238174
17657.226563	-72.239571
17743.359375	-72.142441
17829.492188	-71.770370
17915.625000	-71.381653
18001.757813	-71.419655
18087.890625	-72.296829
18174.023438	-74.519592
18260.156250	-76.932526
18346.289063	-76.806648
18432.421875	-75.846840
18518.554688	-76.508354
18604.687500	-78.769051
18690.820313	-81.828827
18776.953125	-85.024948
18863.085938	-85.489388
18949.218750	-84.303452
19035.351563	-84.517418
19121.484375	-85.902252
19207.617188	-89.916008
19293.750000	-92.801163
19379.882813	-91.491997
19466.015625	-90.614853
19552.148438	-89.197601
19638.281250	-89.400673
19724.414063	-90.568649
19810.546875	-93.270630
19896.679688	-95.117737
19982.812500	-96.702301
20068.945313	-97.440727
20155.078125	-99.717827
20241.210938	-100.305977
20327.343750	-98.372475
20413.476563	-96.511131
20499.609375	-96.908684
20585.742188	-97.335762
20671.875000	-97.576324
20758.007813	-97.961182
20844.140625	-98.849419
20930.273438	-100.070122
21016.406250	-101.219368
21102.539063	-102.497353
21188.671875	-104.464813
21274.804688	-106.024429
21360.937500	-108.087128
21447.070313	-110.309334
21533.203125	-112.400940
21619.335938	-114.642799
21705.468750	-117.185616
21791.601563	-118.530434
21877.734375	-120.216820
21963.867188	-123.153946
