Frequency (Hz)	Level (dB)
86.132813	-55.790432
172.265625	-55.654289
258.398438	-58.968693
344.531250	-61.179836
430.664063	-64.005966
516.796875	-64.916740
602.929688	-63.241695
689.062500	-63.144283
775.195313	-65.012482
861.328125	-69.818619
947.460938	-77.971550
1033.593750	-64.738403
1119.726563	-62.342716
1205.859375	-65.164314
1291.992188	-60.175568
1378.125000	-58.365437
1464.257813	-58.610107
1550.390625	-59.693737
1636.523438	-60.468166
1722.656250	-60.657425
1808.789063	-61.872952
1894.921875	-62.829056
1981.054688	-65.116379
2067.187500	-62.014595
2153.320313	-55.904072
2239.453125	-58.015427
2325.585938	-68.284760
2411.718750	-65.432617
2497.851563	-61.946827
2583.984375	-59.215725
2670.117188	-58.171917
2756.250000	-57.946705
2842.382813	-58.633919
2928.515625	-62.162674
3014.648438	-68.185295
3100.781250	-68.690002
3186.914063	-66.341347
3273.046875	-65.965942
3359.179688	-60.042797
3445.312500	-55.955708
3531.445313	-56.200779
3617.578125	-58.658821
3703.710938	-61.434395
3789.843750	-67.901077
3875.976563	-66.963936
3962.109375	-63.212666
4048.242188	-63.193657
4134.375000	-51.125694
4220.507813	-48.958652
4306.640625	-55.363506
4392.773438	-63.745708
4478.906250	-68.501053
4565.039063	-71.635056
4651.171875	-65.352257
4737.304688	-61.363556
4823.437500	-59.630459
4909.570313	-56.788723
4995.703125	-53.114231
5081.835938	-53.426052
5167.968750	-56.620922
5254.101563	-55.983379
5340.234375	-55.876873
5426.367188	-60.599228
5512.500000	-70.604431
5598.632813	-67.430939
5684.765625	-62.965012
5770.898438	-64.536743
5857.031250	-66.580696
5943.164063	-70.060699
6029.296875	-66.944778
6115.429688	-62.759129
6201.562500	-56.764553
6287.695313	-51.304897
6373.828125	-51.424740
6459.960938	-55.818455
6546.093750	-59.342758
6632.226563	-63.818027
6718.359375	-71.924995
6804.492188	-79.964172
6890.625000	-73.145805
6976.757813	-70.402412
7062.890625	-68.685455
7149.023438	-66.137466
7235.156250	-64.111252
7321.289063	-60.658768
7407.421875	-59.053928
7493.554688	-63.050121
7579.687500	-72.719360
7665.820313	-67.676163
7751.953125	-62.961124
7838.085938	-63.866337
7924.218750	-69.327988
8010.351563	-69.062103
8096.484375	-66.191223
8182.617188	-68.394585
8268.750000	-77.381493
8354.882813	-82.075485
8441.015625	-78.246063
8527.148438	-77.598778
8613.281250	-71.794807
8699.414063	-69.640495
8785.546875	-71.516151
8871.679688	-78.023590
8957.812500	-69.188316
9043.945313	-65.678429
9130.078125	-64.602135
9216.210938	-62.745911
9302.343750	-61.511230
9388.476563	-65.271133
9474.609375	-74.786957
9560.742188	-66.608185
9646.875000	-65.289452
9733.007813	-65.867668
9819.140625	-67.758995
9905.273438	-70.232895
9991.406250	-72.334496
10077.539063	-72.778114
10163.671875	-73.146416
10249.804688	-74.533035
10335.937500	-72.986275
10422.070313	-70.455849
10508.203125	-68.617241
10594.335938	-65.196976
10680.468750	-59.609127
10766.601563	-58.449547
10852.734375	-60.867470
10938.867188	-63.933815
11025.000000	-67.297005
11111.132813	-71.611214
11197.265625	-73.466003
11283.398438	-74.767181
11369.531250	-71.381889
11455.664063	-68.988152
11541.796875	-71.504402
11627.929688	-76.272606
11714.062500	-73.294128
11800.195313	-71.748428
11886.328125	-74.197601
11972.460938	-69.454727
12058.593750	-63.994003
12144.726563	-63.517361
12230.859375	-66.373039
12316.992188	-71.644905
12403.125000	-75.742279
12489.257813	-75.883934
12575.390625	-76.436172
12661.523438	-77.415764
12747.656250	-77.686058
12833.789063	-80.202263
12919.921875	-87.504120
13006.054688	-94.279854
13092.187500	-87.402328
13178.320313	-82.411530
13264.453125	-80.305664
13350.585938	-79.846275
13436.718750	-81.833687
13522.851563	-85.072296
13608.984375	-83.963486
13695.117188	-83.436569
13781.250000	-85.873062
13867.382813	-88.111244
13953.515625	-88.748474
14039.648438	-90.063454
14125.781250	-91.251144
14211.914063	-91.348114
14298.046875	-84.129318
14384.179688	-85.009521
14470.312500	-90.593910
14556.445313	-89.611588
14642.578125	-90.938644
14728.710938	-89.248558
14814.843750	-88.820122
14900.976563	-89.213554
14987.109375	-85.388313
15073.242188	-82.522301
15159.375000	-81.996552
15245.507813	-81.438873
15331.640625	-83.290695
15417.773438	-83.572899
15503.906250	-80.095123
15590.039063	-77.788292
15676.171875	-77.721817
15762.304688	-78.480347
15848.437500	-80.748413
15934.570313	-86.031265
16020.703125	-85.809990
16106.835938	-81.170860
16192.968750	-81.106445
16279.101563	-81.301483
16365.234375	-80.089989
16451.367188	-79.676430
16537.500000	-81.445457
16623.632813	-84.656036
16709.765625	-88.024094
16795.898438	-86.683739
16882.031250	-83.784042
16968.164063	-82.429871
17054.296875	-84.416939
17140.429688	-87.814941
17226.562500	-91.533096
17312.695313	-89.221504
17398.828125	-87.605713
17484.960938	-88.035599
17571.093750	-84.107750
17657.226563	-84.895699
17743.359375	-82.814987
17829.492188	-81.334274
17915.625000	-80.988350
18001.757813	-82.251755
18087.890625	-84.023010
18174.023438	-86.436676
18260.156250	-88.863724
18346.289063	-87.285126
18432.421875	-88.178871
18518.554688	-92.189270
18604.687500	-95.032150
18690.820313	-92.485580
18776.953125	-90.693321
18863.085938	-88.253532
18949.218750	-88.740868
19035.351563	-93.081619
19121.484375	-98.904022
19207.617188	-99.699547
19293.750000	-95.823685
19379.882813	-90.264954
19466.015625	-88.089684
19552.148438	-90.617371
19638.281250	-99.679153
19724.414063	-102.082748
19810.546875	-95.669167
19896.679688	-96.244942
19982.812500	-99.001869
20068.945313	-95.913147
20155.078125	-96.134819
20241.210938	-98.666336
20327.343750	-101.588646
20413.476563	-105.341896
20499.609375	-108.673927
20585.742188	-109.261452
20671.875000	-108.526749
20758.007813	-105.335968
20844.140625	-111.345558
20930.273438	-109.123260
21016.406250	-104.886810
21102.539063	-107.921196
21188.671875	-112.768463
21274.804688	-109.265594
21360.937500	-112.395264
21447.070313	-119.341217
21533.203125	-118.880157
21619.335938	-121.638351
21705.468750	-123.269753
21791.601563	-125.978867
21877.734375	-133.187927
21963.867188	-134.591721
