Frequency (Hz)	Level (dB)
86.132813	-53.929211
172.265625	-55.718990
258.398438	-59.935970
344.531250	-61.580227
430.664063	-64.084007
516.796875	-63.904152
602.929688	-62.992317
689.062500	-63.192539
775.195313	-65.063667
861.328125	-68.147461
947.460938	-72.638573
1033.593750	-67.607079
1119.726563	-64.268860
1205.859375	-62.514450
1291.992188	-59.785896
1378.125000	-58.276268
1464.257813	-58.534222
1550.390625	-58.969776
1636.523438	-59.607162
1722.656250	-59.680988
1808.789063	-59.710144
1894.921875	-63.249691
1981.054688	-63.892033
2067.187500	-64.029587
2153.320313	-54.077950
2239.453125	-54.920322
2325.585938	-62.097099
2411.718750	-63.136166
2497.851563	-60.666870
2583.984375	-58.676376
2670.117188	-58.324821
2756.250000	-58.018822
2842.382813	-58.065681
2928.515625	-61.725845
3014.648438	-66.815887
3100.781250	-69.104744
3186.914063	-68.069046
3273.046875	-65.082344
3359.179688	-58.474983
3445.312500	-54.700493
3531.445313	-57.091984
3617.578125	-60.232830
3703.710938	-60.948402
3789.843750	-63.376442
3875.976563	-64.873123
3962.109375	-64.014870
4048.242188	-59.779785
4134.375000	-49.588066
4220.507813	-48.590996
4306.640625	-56.362270
4392.773438	-58.061436
4478.906250	-64.030243
4565.039063	-66.428780
4651.171875	-64.720612
4737.304688	-62.196606
4823.437500	-61.653431
4909.570313	-59.382885
4995.703125	-53.858109
5081.835938	-53.247707
5167.968750	-57.791889
5254.101563	-55.362736
5340.234375	-54.939922
5426.367188	-60.528843
5512.500000	-66.483795
5598.632813	-66.003731
5684.765625	-62.349121
5770.898438	-64.161430
5857.031250	-69.865555
5943.164063	-69.397301
6029.296875	-64.418251
6115.429688	-64.514572
6201.562500	-58.507450
6287.695313	-50.418316
6373.828125	-51.259365
6459.960938	-60.247002
6546.093750	-62.576214
6632.226563	-67.316452
6718.359375	-70.738548
6804.492188	-72.225616
6890.625000	-69.567314
6976.757813	-70.721100
7062.890625	-70.011986
7149.023438	-70.158730
7235.156250	-68.029152
7321.289063	-62.850735
7407.421875	-60.354889
7493.554688	-64.414040
7579.687500	-69.037811
7665.820313	-65.543884
7751.953125	-61.738388
7838.085938	-62.223953
7924.218750	-68.367676
8010.351563	-75.605553
8096.484375	-70.278763
8182.617188	-70.430992
8268.750000	-75.561836
8354.882813	-78.134552
8441.015625	-75.669350
8527.148438	-71.928726
8613.281250	-69.964485
8699.414063	-70.098557
8785.546875	-71.555664
8871.679688	-71.396790
8957.812500	-68.212158
9043.945313	-66.940102
9130.078125	-66.156036
9216.210938	-65.702896
9302.343750	-65.062660
9388.476563	-68.314453
9474.609375	-73.857483
9560.742188	-70.043411
9646.875000	-70.601822
9733.007813	-68.930046
9819.140625	-68.872810
9905.273438	-71.474075
9991.406250	-74.760796
10077.539063	-76.152489
10163.671875	-78.591652
10249.804688	-75.043991
10335.937500	-71.882706
10422.070313	-70.459267
10508.203125	-71.461517
10594.335938	-70.663635
10680.468750	-62.404491
10766.601563	-61.229862
10852.734375	-65.299080
10938.867188	-69.265472
11025.000000	-73.615288
11111.132813	-77.521362
11197.265625	-75.926643
11283.398438	-74.075745
11369.531250	-73.258217
11455.664063	-71.487358
11541.796875	-74.158150
11627.929688	-79.447418
11714.062500	-78.889893
11800.195313	-77.372711
11886.328125	-78.440178
11972.460938	-70.208801
12058.593750	-66.258423
12144.726563	-66.564957
12230.859375	-69.608818
12316.992188	-74.172905
12403.125000	-78.817505
12489.257813	-81.898781
12575.390625	-80.072670
12661.523438	-78.750832
12747.656250	-79.175377
12833.789063	-81.892120
12919.921875	-86.339180
13006.054688	-85.573044
13092.187500	-83.503700
13178.320313	-83.303261
13264.453125	-87.078949
13350.585938	-89.030907
13436.718750	-87.246803
13522.851563	-88.130356
13608.984375	-90.280937
13695.117188	-90.338821
13781.250000	-91.340248
13867.382813	-96.608582
13953.515625	-96.291969
14039.648438	-94.760887
14125.781250	-90.351265
14211.914063	-88.225121
14298.046875	-87.618439
14384.179688	-90.701752
14470.312500	-93.549957
14556.445313	-90.424507
14642.578125	-84.999352
14728.710938	-83.264229
14814.843750	-84.809830
14900.976563	-87.702217
14987.109375	-87.693550
15073.242188	-88.497841
15159.375000	-90.315407
15245.507813	-93.446716
15331.640625	-88.884193
15417.773438	-91.096954
15503.906250	-87.659523
15590.039063	-82.506592
15676.171875	-81.318230
15762.304688	-79.698280
15848.437500	-80.463188
15934.570313	-82.593834
16020.703125	-82.114098
16106.835938	-79.726311
16192.968750	-81.299576
16279.101563	-80.026268
16365.234375	-82.279434
16451.367188	-87.934410
16537.500000	-88.370544
16623.632813	-85.701378
16709.765625	-87.484795
16795.898438	-88.095886
16882.031250	-86.085266
16968.164063	-87.279579
17054.296875	-88.487671
17140.429688	-89.806412
17226.562500	-90.829262
17312.695313	-90.504715
17398.828125	-95.584106
17484.960938	-89.589584
17571.093750	-88.685463
17657.226563	-93.092003
17743.359375	-95.564415
17829.492188	-91.970444
17915.625000	-84.100433
18001.757813	-81.809532
18087.890625	-82.100060
18174.023438	-81.640831
18260.156250	-82.644630
18346.289063	-85.525185
18432.421875	-90.324722
18518.554688	-92.445930
18604.687500	-89.222275
18690.820313	-88.039825
18776.953125	-85.951263
18863.085938	-87.124344
18949.218750	-90.399887
19035.351563	-91.179359
19121.484375	-90.278351
19207.617188	-87.731651
19293.750000	-85.125298
19379.882813	-84.472786
19466.015625	-86.620903
19552.148438	-89.471085
19638.281250	-95.591003
19724.414063	-93.722267
19810.546875	-94.459160
19896.679688	-102.663643
19982.812500	-106.451530
20068.945313	-108.508125
20155.078125	-109.459129
20241.210938	-113.319107
20327.343750	-112.564735
20413.476563	-104.917381
20499.609375	-102.047707
20585.742188	-105.223518
20671.875000	-108.013176
20758.007813	-109.990463
20844.140625	-103.779335
20930.273438	-102.607872
21016.406250	-107.313782
21102.539063	-111.658791
21188.671875	-113.044891
21274.804688	-118.404900
21360.937500	-117.188309
21447.070313	-117.153137
21533.203125	-115.908012
21619.335938	-118.229683
21705.468750	-124.503746
21791.601563	-121.126923
21877.734375	-121.609291
21963.867188	-122.046158
