Frequency (Hz)	Level (dB)
86.132813	-59.967979
172.265625	-58.834572
258.398438	-61.037548
344.531250	-63.934620
430.664063	-65.681572
516.796875	-66.220009
602.929688	-67.122574
689.062500	-68.461884
775.195313	-70.352226
861.328125	-67.119446
947.460938	-66.555237
1033.593750	-71.712013
1119.726563	-72.963692
1205.859375	-70.444214
1291.992188	-67.904724
1378.125000	-61.468204
1464.257813	-61.460602
1550.390625	-63.977871
1636.523438	-64.700409
1722.656250	-66.857292
1808.789063	-67.673355
1894.921875	-64.461502
1981.054688	-61.877850
2067.187500	-63.089241
2153.320313	-63.026451
2239.453125	-65.039299
2325.585938	-68.302612
2411.718750	-66.699799
2497.851563	-64.650558
2583.984375	-65.179375
2670.117188	-65.187325
2756.250000	-66.906425
2842.382813	-70.620964
2928.515625	-62.624084
3014.648438	-56.644112
3100.781250	-58.707264
3186.914063	-68.243629
3273.046875	-69.902969
3359.179688	-67.066841
3445.312500	-67.616180
3531.445313	-67.550140
3617.578125	-67.777527
3703.710938	-69.126556
3789.843750	-61.017231
3875.976563	-54.504719
3962.109375	-54.186752
4048.242188	-57.431393
4134.375000	-59.610924
4220.507813	-58.534672
4306.640625	-58.660297
4392.773438	-63.569084
4478.906250	-69.311287
4565.039063	-68.259697
4651.171875	-70.677017
4737.304688	-70.208382
4823.437500	-65.539352
4909.570313	-58.681984
4995.703125	-59.162445
5081.835938	-63.799343
5167.968750	-67.315735
5254.101563	-69.673218
5340.234375	-66.661400
5426.367188	-64.441490
5512.500000	-65.842354
5598.632813	-62.954533
5684.765625	-60.379436
5770.898438	-56.448788
5857.031250	-56.090351
5943.164063	-49.019577
6029.296875	-45.579224
6115.429688	-50.595844
6201.562500	-58.969826
6287.695313	-64.905525
6373.828125	-69.064735
6459.960938	-68.807510
6546.093750	-69.271103
6632.226563	-71.960533
6718.359375	-76.545120
6804.492188	-75.227165
6890.625000	-75.689720
6976.757813	-79.256828
7062.890625	-82.910347
7149.023438	-85.303680
7235.156250	-86.746849
7321.289063	-83.416306
7407.421875	-85.473778
7493.554688	-81.864349
7579.687500	-77.423378
7665.820313	-76.098595
7751.953125	-73.443657
7838.085938	-72.781876
7924.218750	-73.454353
8010.351563	-75.793045
8096.484375	-80.106827
8182.617188	-86.347038
8268.750000	-87.283310
8354.882813	-88.952301
8441.015625	-93.400986
8527.148438	-88.117699
8613.281250	-82.771088
8699.414063	-81.211464
8785.546875	-83.965065
8871.679688	-90.138901
8957.812500	-90.744568
9043.945313	-86.291100
9130.078125	-84.889236
9216.210938	-86.983681
9302.343750	-88.370697
9388.476563	-90.120232
9474.609375	-87.259453
9560.742188	-88.446327
9646.875000	-80.810616
9733.007813	-77.668114
9819.140625	-81.363724
9905.273438	-87.357361
9991.406250	-87.463982
10077.539063	-92.076172
10163.671875	-92.938370
10249.804688	-87.400421
10335.937500	-82.475418
10422.070313	-80.500099
10508.203125	-81.505615
10594.335938	-80.239632
10680.468750	-78.296631
10766.601563	-77.314148
10852.734375	-75.492088
10938.867188	-77.474243
11025.000000	-76.631248
11111.132813	-73.453468
11197.265625	-72.644264
11283.398438	-75.001450
11369.531250	-80.061310
11455.664063	-84.372307
11541.796875	-82.857635
11627.929688	-82.022926
11714.062500	-83.184883
11800.195313	-85.990723
11886.328125	-91.927467
11972.460938	-90.681961
12058.593750	-85.635178
12144.726563	-88.603096
12230.859375	-88.175056
12316.992188	-83.686218
12403.125000	-86.128639
12489.257813	-91.965828
12575.390625	-96.748512
12661.523438	-96.191025
12747.656250	-98.883545
12833.789063	-98.962524
12919.921875	-103.720245
13006.054688	-103.382202
13092.187500	-100.794937
13178.320313	-97.224884
13264.453125	-94.653076
13350.585938	-96.115150
13436.718750	-96.432281
13522.851563	-92.445282
13608.984375	-90.534332
13695.117188	-90.600189
13781.250000	-92.044510
13867.382813	-90.967834
13953.515625	-90.694054
14039.648438	-92.580360
14125.781250	-93.507729
14211.914063	-94.860878
14298.046875	-94.503731
14384.179688	-91.731339
14470.312500	-90.867691
14556.445313	-91.422714
14642.578125	-91.587402
14728.710938	-91.269768
14814.843750	-89.316742
14900.976563	-88.813293
14987.109375	-91.653282
15073.242188	-94.314423
15159.375000	-92.195793
15245.507813	-89.622452
15331.640625	-87.278496
15417.773438	-85.651138
15503.906250	-85.030884
15590.039063	-84.823822
15676.171875	-85.193947
15762.304688	-85.582664
15848.437500	-86.922752
15934.570313	-87.251884
16020.703125	-84.823067
16106.835938	-83.744118
16192.968750	-85.016380
16279.101563	-87.656731
16365.234375	-90.397385
16451.367188	-92.735085
16537.500000	-95.322151
16623.632813	-97.354530
16709.765625	-98.789192
16795.898438	-100.340004
16882.031250	-102.047623
16968.164063	-103.743805
17054.296875	-105.337708
17140.429688	-105.590889
17226.562500	-106.013474
17312.695313	-107.146500
17398.828125	-108.302643
17484.960938	-108.206978
17571.093750	-106.604324
17657.226563	-104.729698
17743.359375	-103.477371
17829.492188	-103.319221
17915.625000	-102.991920
18001.757813	-101.816666
18087.890625	-100.770447
18174.023438	-100.555130
18260.156250	-102.074387
18346.289063	-105.511940
18432.421875	-108.870926
18518.554688	-108.999443
18604.687500	-106.977722
18690.820313	-105.955284
18776.953125	-105.765190
18863.085938	-106.836327
18949.218750	-108.213493
19035.351563	-107.749947
19121.484375	-107.066849
19207.617188	-107.624634
19293.750000	-108.700684
19379.882813	-109.547829
19466.015625	-110.642159
19552.148438	-114.208130
19638.281250	-115.781181
19724.414063	-120.187675
19810.546875	-122.203857
19896.679688	-124.579704
19982.812500	-128.773590
20068.945313	-129.184540
20155.078125	-128.127045
20241.210938	-130.426926
20327.343750	-129.576889
20413.476563	-129.654282
20499.609375	-132.844193
20585.742188	-135.196167
20671.875000	-135.477081
20758.007813	-136.015991
20844.140625	-137.834167
20930.273438	-138.733261
21016.406250	-136.703842
21102.539063	-137.038757
21188.671875	-138.251099
21274.804688	-137.621140
21360.937500	-137.308563
21447.070313	-139.102112
21533.203125	-141.195236
21619.335938	-142.715942
21705.468750	-145.965637
21791.601563	-147.986420
21877.734375	-149.838074
21963.867188	-150.074753
