Frequency (Hz)	Level (dB)
86.132813	-47.262455
172.265625	-49.222591
258.398438	-53.621094
344.531250	-56.548016
430.664063	-57.536362
516.796875	-58.267086
602.929688	-58.281807
689.062500	-59.753651
775.195313	-61.092224
861.328125	-64.011444
947.460938	-68.873886
1033.593750	-66.773758
1119.726563	-63.664482
1205.859375	-61.720650
1291.992188	-64.407463
1378.125000	-56.273605
1464.257813	-53.490036
1550.390625	-58.533421
1636.523438	-66.941124
1722.656250	-65.191933
1808.789063	-63.206871
1894.921875	-59.414631
1981.054688	-54.449039
2067.187500	-56.253155
2153.320313	-59.553307
2239.453125	-66.368141
2325.585938	-66.964394
2411.718750	-59.674480
2497.851563	-60.462959
2583.984375	-68.317200
2670.117188	-63.174820
2756.250000	-54.863228
2842.382813	-54.108887
2928.515625	-58.463943
3014.648438	-62.103119
3100.781250	-64.212456
3186.914063	-66.692299
3273.046875	-73.194427
3359.179688	-64.823006
3445.312500	-58.012497
3531.445313	-56.717239
3617.578125	-61.783039
3703.710938	-63.318764
3789.843750	-55.033249
3875.976563	-50.016891
3962.109375	-49.818066
4048.242188	-53.073940
4134.375000	-55.946236
4220.507813	-57.386654
4306.640625	-59.826286
4392.773438	-62.156502
4478.906250	-60.716026
4565.039063	-59.942692
4651.171875	-59.871929
4737.304688	-61.475594
4823.437500	-66.506638
4909.570313	-60.274757
4995.703125	-55.823353
5081.835938	-56.946201
5167.968750	-54.178215
5254.101563	-54.900917
5340.234375	-57.681515
5426.367188	-50.232246
5512.500000	-45.216087
5598.632813	-44.776775
5684.765625	-46.464970
5770.898438	-45.822723
5857.031250	-47.196705
5943.164063	-40.800293
6029.296875	-38.340191
6115.429688	-43.671303
6201.562500	-54.562931
6287.695313	-61.673386
6373.828125	-60.578369
6459.960938	-57.237171
6546.093750	-57.142342
6632.226563	-60.596851
6718.359375	-66.572762
6804.492188	-70.877762
6890.625000	-68.685661
6976.757813	-66.449905
7062.890625	-64.003273
7149.023438	-62.461529
7235.156250	-64.575768
7321.289063	-72.399574
7407.421875	-70.354836
7493.554688	-66.664467
7579.687500	-66.991890
7665.820313	-67.678429
7751.953125	-70.094841
7838.085938	-74.853600
7924.218750	-79.197670
8010.351563	-80.186028
8096.484375	-80.032059
8182.617188	-79.379143
8268.750000	-72.201065
8354.882813	-72.146599
8441.015625	-78.704033
8527.148438	-80.862099
8613.281250	-77.128510
8699.414063	-78.398766
8785.546875	-71.656693
8871.679688	-71.886711
8957.812500	-71.443764
9043.945313	-70.391754
9130.078125	-73.230087
9216.210938	-79.509712
9302.343750	-76.893478
9388.476563	-77.859322
9474.609375	-80.983368
9560.742188	-75.763901
9646.875000	-74.873459
9733.007813	-70.337677
9819.140625	-71.002106
9905.273438	-76.585129
9991.406250	-79.414886
10077.539063	-75.676811
10163.671875	-76.026993
10249.804688	-76.027985
10335.937500	-70.013405
10422.070313	-69.924828
10508.203125	-73.261192
10594.335938	-73.181328
10680.468750	-72.470062
10766.601563	-76.615364
10852.734375	-83.376503
10938.867188	-79.436195
11025.000000	-81.774040
11111.132813	-79.395409
11197.265625	-75.845764
11283.398438	-75.597595
11369.531250	-77.637436
11455.664063	-77.974655
11541.796875	-74.558182
11627.929688	-75.110474
11714.062500	-75.577538
11800.195313	-77.305313
11886.328125	-82.669922
11972.460938	-74.274841
12058.593750	-71.991829
12144.726563	-65.475838
12230.859375	-61.663395
12316.992188	-63.726879
12403.125000	-70.565407
12489.257813	-77.321526
12575.390625	-86.780693
12661.523438	-87.409012
12747.656250	-83.478317
12833.789063	-82.272041
12919.921875	-82.065140
13006.054688	-83.705315
13092.187500	-87.840630
13178.320313	-88.894096
13264.453125	-85.501137
13350.585938	-84.218414
13436.718750	-86.084229
13522.851563	-87.765518
13608.984375	-89.885422
13695.117188	-92.584000
13781.250000	-95.546913
13867.382813	-92.960365
13953.515625	-86.691025
14039.648438	-84.486389
14125.781250	-84.476563
14211.914063	-84.327324
14298.046875	-83.640572
14384.179688	-86.338043
14470.312500	-86.919220
14556.445313	-87.885422
14642.578125	-84.768715
14728.710938	-80.178589
14814.843750	-78.778023
14900.976563	-80.807831
14987.109375	-87.976158
15073.242188	-85.766266
15159.375000	-84.534332
15245.507813	-84.317551
15331.640625	-83.617752
15417.773438	-86.654549
15503.906250	-92.770805
15590.039063	-96.308426
15676.171875	-93.175819
15762.304688	-89.299065
15848.437500	-88.135063
15934.570313	-85.881096
16020.703125	-82.765182
16106.835938	-81.086456
16192.968750	-84.219215
16279.101563	-85.453102
16365.234375	-80.382980
16451.367188	-80.220039
16537.500000	-81.662148
16623.632813	-81.680923
16709.765625	-80.698463
16795.898438	-81.272392
16882.031250	-83.588615
16968.164063	-84.563499
17054.296875	-84.295822
17140.429688	-85.756279
17226.562500	-86.394173
17312.695313	-85.748955
17398.828125	-87.090553
17484.960938	-84.124123
17571.093750	-81.966339
17657.226563	-80.453819
17743.359375	-80.226036
17829.492188	-82.610817
17915.625000	-86.200607
18001.757813	-81.128799
18087.890625	-76.241074
18174.023438	-71.895432
18260.156250	-70.892754
18346.289063	-74.090057
18432.421875	-79.096977
18518.554688	-81.335777
18604.687500	-83.751366
18690.820313	-86.469498
18776.953125	-88.270126
18863.085938	-92.995956
18949.218750	-96.505203
19035.351563	-98.840691
19121.484375	-92.437851
19207.617188	-88.498589
19293.750000	-87.442680
19379.882813	-88.233307
19466.015625	-90.296890
19552.148438	-92.524338
19638.281250	-98.014542
19724.414063	-102.193565
19810.546875	-101.295647
19896.679688	-100.399315
19982.812500	-100.697350
20068.945313	-104.289421
20155.078125	-108.007172
20241.210938	-105.745255
20327.343750	-105.636757
20413.476563	-108.435585
20499.609375	-108.003258
20585.742188	-108.172539
20671.875000	-109.199425
20758.007813	-110.514534
20844.140625	-108.870766
20930.273438	-108.524872
21016.406250	-110.546989
21102.539063	-112.604767
21188.671875	-114.361160
21274.804688	-119.967690
21360.937500	-116.677475
21447.070313	-115.228500
21533.203125	-118.035194
21619.335938	-121.623383
21705.468750	-129.228882
21791.601563	-125.936394
21877.734375	-127.442688
21963.867188	-126.401573
