Frequency (Hz)	Level (dB)
86.132813	-46.823959
172.265625	-49.971302
258.398438	-52.889008
344.531250	-54.289345
430.664063	-54.038574
516.796875	-56.013721
602.929688	-56.961777
689.062500	-56.481842
775.195313	-55.905575
861.328125	-54.078121
947.460938	-57.105160
1033.593750	-68.812317
1119.726563	-61.146858
1205.859375	-55.300655
1291.992188	-48.542191
1378.125000	-48.858101
1464.257813	-53.666908
1550.390625	-54.860619
1636.523438	-61.790646
1722.656250	-59.899887
1808.789063	-52.667786
1894.921875	-53.724014
1981.054688	-54.445885
2067.187500	-56.844555
2153.320313	-60.310192
2239.453125	-60.443985
2325.585938	-60.074253
2411.718750	-52.929802
2497.851563	-52.466602
2583.984375	-59.902050
2670.117188	-64.439468
2756.250000	-69.093208
2842.382813	-73.506821
2928.515625	-78.540359
3014.648438	-71.317604
3100.781250	-67.899055
3186.914063	-68.213104
3273.046875	-69.189766
3359.179688	-69.248077
3445.312500	-66.680374
3531.445313	-66.378639
3617.578125	-70.444847
3703.710938	-71.525551
3789.843750	-71.180183
3875.976563	-71.113968
3962.109375	-72.725739
4048.242188	-80.300377
4134.375000	-71.484711
4220.507813	-69.865120
4306.640625	-70.772995
4392.773438	-75.430229
4478.906250	-88.272003
4565.039063	-79.260468
4651.171875	-72.976265
4737.304688	-71.298180
4823.437500	-70.645744
4909.570313	-71.957855
4995.703125	-72.757484
5081.835938	-72.102005
5167.968750	-68.147102
5254.101563	-64.901154
5340.234375	-62.644188
5426.367188	-58.275902
5512.500000	-56.547802
5598.632813	-61.957520
5684.765625	-68.242592
5770.898438	-66.052559
5857.031250	-61.780510
5943.164063	-54.656799
6029.296875	-51.186481
6115.429688	-55.026615
6201.562500	-57.934834
6287.695313	-60.273624
6373.828125	-62.572720
6459.960938	-64.438728
6546.093750	-66.589355
6632.226563	-69.059868
6718.359375	-69.661346
6804.492188	-66.760529
6890.625000	-64.061569
6976.757813	-63.198574
7062.890625	-64.183449
7149.023438	-65.638542
7235.156250	-66.614456
7321.289063	-66.121590
7407.421875	-64.970535
7493.554688	-63.586807
7579.687500	-62.793495
7665.820313	-64.167923
7751.953125	-67.053810
7838.085938	-67.715172
7924.218750	-70.124191
8010.351563	-74.112137
8096.484375	-69.577118
8182.617188	-67.004272
8268.750000	-69.345818
8354.882813	-72.851028
8441.015625	-74.923187
8527.148438	-75.923386
8613.281250	-75.120224
8699.414063	-71.690666
8785.546875	-69.766533
8871.679688	-72.741394
8957.812500	-75.962029
9043.945313	-76.296478
9130.078125	-75.016708
9216.210938	-74.241722
9302.343750	-76.580597
9388.476563	-81.754868
9474.609375	-88.546776
9560.742188	-88.121201
9646.875000	-83.937172
9733.007813	-81.281265
9819.140625	-83.104965
9905.273438	-88.536179
9991.406250	-90.582962
10077.539063	-85.113869
10163.671875	-82.661293
10249.804688	-83.226707
10335.937500	-84.217361
10422.070313	-84.740089
10508.203125	-84.631195
10594.335938	-83.923027
10680.468750	-83.359367
10766.601563	-82.728889
10852.734375	-81.037682
10938.867188	-81.211761
11025.000000	-83.928642
11111.132813	-86.653847
11197.265625	-85.132072
11283.398438	-87.124901
11369.531250	-88.343620
11455.664063	-86.324501
11541.796875	-87.253349
11627.929688	-88.113777
11714.062500	-86.787209
11800.195313	-86.106277
11886.328125	-86.867493
11972.460938	-87.505371
12058.593750	-87.704887
12144.726563	-89.901810
12230.859375	-93.561928
12316.992188	-95.589828
12403.125000	-92.684647
12489.257813	-90.706245
12575.390625	-92.480202
12661.523438	-94.769218
12747.656250	-90.614357
12833.789063	-86.870331
12919.921875	-86.539307
13006.054688	-87.925415
13092.187500	-88.140999
13178.320313	-87.944511
13264.453125	-88.055862
13350.585938	-88.109749
13436.718750	-88.810043
13522.851563	-90.490219
13608.984375	-93.100449
13695.117188	-93.935905
13781.250000	-93.485046
13867.382813	-91.786568
13953.515625	-91.858971
14039.648438	-93.148064
14125.781250	-93.058525
14211.914063	-89.671944
14298.046875	-87.010300
14384.179688	-86.898605
14470.312500	-88.764992
14556.445313	-89.850967
14642.578125	-90.133530
14728.710938	-89.750061
14814.843750	-89.352402
14900.976563	-88.299522
14987.109375	-88.074387
15073.242188	-88.559105
15159.375000	-88.590050
15245.507813	-87.083450
15331.640625	-85.883827
15417.773438	-85.462021
15503.906250	-84.569580
15590.039063	-84.070114
15676.171875	-84.277390
15762.304688	-84.810295
15848.437500	-85.814224
15934.570313	-87.757782
16020.703125	-89.633881
16106.835938	-91.581802
16192.968750	-94.240143
16279.101563	-98.268944
16365.234375	-98.523590
16451.367188	-96.770157
16537.500000	-95.837608
16623.632813	-95.043808
16709.765625	-93.340370
16795.898438	-92.018570
16882.031250	-91.763931
16968.164063	-93.104576
17054.296875	-95.995377
17140.429688	-99.476379
17226.562500	-99.813110
17312.695313	-98.108032
17398.828125	-96.447220
17484.960938	-94.102013
17571.093750	-91.875572
17657.226563	-90.307892
17743.359375	-88.960396
17829.492188	-87.291458
17915.625000	-85.530945
18001.757813	-83.711937
18087.890625	-81.975357
18174.023438	-80.886414
18260.156250	-80.528694
18346.289063	-81.908211
18432.421875	-83.930252
18518.554688	-86.267448
18604.687500	-88.081215
18690.820313	-88.515656
18776.953125	-88.336990
18863.085938	-88.078606
18949.218750	-87.350929
19035.351563	-86.152382
19121.484375	-85.010941
19207.617188	-84.738655
19293.750000	-85.741096
19379.882813	-87.028458
19466.015625	-88.131981
19552.148438	-89.686401
19638.281250	-91.260696
19724.414063	-92.417397
19810.546875	-93.269890
19896.679688	-94.335808
19982.812500	-96.018013
20068.945313	-97.768219
20155.078125	-100.005714
20241.210938	-101.879929
20327.343750	-104.123528
20413.476563	-105.931328
20499.609375	-106.730652
20585.742188	-107.765656
20671.875000	-110.243858
20758.007813	-114.185074
20844.140625	-120.439293
20930.273438	-128.057297
21016.406250	-127.174904
21102.539063	-126.462868
21188.671875	-126.633858
21274.804688	-127.825371
21360.937500	-128.371597
21447.070313	-128.847809
21533.203125	-132.545212
21619.335938	-136.918549
21705.468750	-137.138947
21791.601563	-135.496063
21877.734375	-133.199539
21963.867188	-131.943710
