Frequency (Hz)	Level (dB)
86.132813	-48.540512
172.265625	-51.615711
258.398438	-53.619034
344.531250	-55.547157
430.664063	-56.939678
516.796875	-58.111706
602.929688	-59.190117
689.062500	-60.705856
775.195313	-62.146141
861.328125	-58.962048
947.460938	-59.508705
1033.593750	-60.860409
1119.726563	-59.394230
1205.859375	-57.978287
1291.992188	-53.111675
1378.125000	-54.724621
1464.257813	-58.744633
1550.390625	-58.683365
1636.523438	-60.876335
1722.656250	-59.395836
1808.789063	-55.257229
1894.921875	-56.267265
1981.054688	-58.869148
2067.187500	-56.570423
2153.320313	-58.126034
2239.453125	-63.495316
2325.585938	-60.360802
2411.718750	-54.009274
2497.851563	-55.042583
2583.984375	-61.301189
2670.117188	-63.658085
2756.250000	-66.121300
2842.382813	-69.934555
2928.515625	-72.751747
3014.648438	-60.948166
3100.781250	-56.402962
3186.914063	-58.181252
3273.046875	-61.545399
3359.179688	-62.494831
3445.312500	-59.977524
3531.445313	-59.278950
3617.578125	-63.103252
3703.710938	-62.329948
3789.843750	-62.982025
3875.976563	-65.280838
3962.109375	-63.790337
4048.242188	-65.730156
4134.375000	-71.321358
4220.507813	-75.696823
4306.640625	-76.486786
4392.773438	-72.573036
4478.906250	-67.838516
4565.039063	-64.998253
4651.171875	-65.599655
4737.304688	-68.165192
4823.437500	-67.698090
4909.570313	-65.582184
4995.703125	-65.542244
5081.835938	-65.896774
5167.968750	-63.629040
5254.101563	-64.866096
5340.234375	-55.413548
5426.367188	-49.921745
5512.500000	-51.546192
5598.632813	-56.945866
5684.765625	-59.553440
5770.898438	-63.218761
5857.031250	-62.046398
5943.164063	-57.806110
6029.296875	-55.031502
6115.429688	-57.851688
6201.562500	-63.603943
6287.695313	-66.567177
6373.828125	-67.379295
6459.960938	-66.536766
6546.093750	-67.142151
6632.226563	-67.308739
6718.359375	-66.914627
6804.492188	-65.667892
6890.625000	-63.234558
6976.757813	-61.987564
7062.890625	-62.219814
7149.023438	-63.149899
7235.156250	-64.708290
7321.289063	-65.759766
7407.421875	-64.597679
7493.554688	-61.960464
7579.687500	-59.410095
7665.820313	-60.708454
7751.953125	-62.873840
7838.085938	-62.199253
7924.218750	-64.532127
8010.351563	-69.590126
8096.484375	-65.361069
8182.617188	-62.984066
8268.750000	-66.577667
8354.882813	-71.574043
8441.015625	-76.349846
8527.148438	-77.803131
8613.281250	-75.012825
8699.414063	-70.666214
8785.546875	-68.970009
8871.679688	-69.751846
8957.812500	-69.725067
9043.945313	-70.709198
9130.078125	-70.729988
9216.210938	-70.081383
9302.343750	-73.642838
9388.476563	-77.232529
9474.609375	-76.691437
9560.742188	-77.403999
9646.875000	-78.750931
9733.007813	-80.850052
9819.140625	-84.155083
9905.273438	-89.220352
9991.406250	-91.777168
10077.539063	-85.051025
10163.671875	-81.051781
10249.804688	-79.218437
10335.937500	-79.886734
10422.070313	-81.874229
10508.203125	-85.175674
10594.335938	-85.426102
10680.468750	-82.628326
10766.601563	-78.789856
10852.734375	-76.315346
10938.867188	-77.103165
11025.000000	-79.371811
11111.132813	-80.636993
11197.265625	-80.495125
11283.398438	-80.009453
11369.531250	-79.793617
11455.664063	-78.451881
11541.796875	-77.550293
11627.929688	-78.546333
11714.062500	-85.054413
11800.195313	-88.848114
11886.328125	-86.732529
11972.460938	-85.654182
12058.593750	-84.929405
12144.726563	-82.577225
12230.859375	-82.356735
12316.992188	-83.558701
12403.125000	-85.183815
12489.257813	-84.722595
12575.390625	-80.303307
12661.523438	-78.571129
12747.656250	-79.698700
12833.789063	-78.847687
12919.921875	-78.624565
13006.054688	-81.826546
13092.187500	-85.707245
13178.320313	-86.336891
13264.453125	-85.483124
13350.585938	-84.552788
13436.718750	-84.864319
13522.851563	-86.908363
13608.984375	-91.366089
13695.117188	-96.843857
13781.250000	-93.627594
13867.382813	-90.561554
13953.515625	-89.267822
14039.648438	-89.242828
14125.781250	-91.681992
14211.914063	-89.246925
14298.046875	-85.062714
14384.179688	-84.436279
14470.312500	-87.360832
14556.445313	-90.157341
14642.578125	-90.139519
14728.710938	-85.463531
14814.843750	-82.129265
14900.976563	-81.362213
14987.109375	-83.036430
15073.242188	-83.683823
15159.375000	-83.935516
15245.507813	-84.667511
15331.640625	-85.772385
15417.773438	-84.701599
15503.906250	-82.358452
15590.039063	-81.404022
15676.171875	-80.902321
15762.304688	-82.104095
15848.437500	-83.258514
15934.570313	-84.760498
16020.703125	-87.841614
16106.835938	-89.952156
16192.968750	-93.955879
16279.101563	-99.121452
16365.234375	-94.294807
16451.367188	-93.048256
16537.500000	-92.778633
16623.632813	-91.759033
16709.765625	-92.391991
16795.898438	-92.943703
16882.031250	-93.952774
16968.164063	-94.288971
17054.296875	-94.769783
17140.429688	-95.855469
17226.562500	-97.685081
17312.695313	-98.413101
17398.828125	-101.681725
17484.960938	-102.565315
17571.093750	-96.046661
17657.226563	-93.033379
17743.359375	-90.196510
17829.492188	-89.962646
17915.625000	-89.454597
18001.757813	-89.392960
18087.890625	-89.381454
18174.023438	-88.126114
18260.156250	-88.327934
18346.289063	-90.288200
18432.421875	-92.301262
18518.554688	-93.179703
18604.687500	-93.419998
18690.820313	-94.489410
18776.953125	-96.093552
18863.085938	-97.967499
18949.218750	-98.318703
19035.351563	-98.624008
19121.484375	-99.714188
19207.617188	-100.761276
19293.750000	-99.450287
19379.882813	-96.116760
19466.015625	-93.974213
19552.148438	-93.062767
19638.281250	-93.068756
19724.414063	-93.858147
19810.546875	-94.985893
19896.679688	-98.534729
19982.812500	-101.843956
20068.945313	-106.278099
20155.078125	-107.903229
20241.210938	-108.496071
20327.343750	-106.256760
20413.476563	-108.033600
20499.609375	-111.712837
20585.742188	-114.291626
20671.875000	-117.369110
20758.007813	-116.674286
20844.140625	-116.000221
20930.273438	-117.645805
21016.406250	-120.572464
21102.539063	-122.250244
21188.671875	-122.647148
21274.804688	-125.065117
21360.937500	-128.124283
21447.070313	-129.389984
21533.203125	-131.089828
21619.335938	-136.273560
21705.468750	-137.507401
21791.601563	-139.177948
21877.734375	-140.178391
21963.867188	-140.665039
