Frequency (Hz)	Level (dB)
86.132813	-40.289867
172.265625	-41.175381
258.398438	-44.836769
344.531250	-48.334202
430.664063	-50.549984
516.796875	-51.286175
602.929688	-52.265705
689.062500	-53.933521
775.195313	-55.397343
861.328125	-57.369602
947.460938	-63.306461
1033.593750	-63.515121
1119.726563	-57.076752
1205.859375	-55.470020
1291.992188	-57.407207
1378.125000	-60.607597
1464.257813	-56.748642
1550.390625	-56.555958
1636.523438	-65.969704
1722.656250	-62.773895
1808.789063	-59.495178
1894.921875	-59.579010
1981.054688	-57.272411
2067.187500	-56.638123
2153.320313	-60.929626
2239.453125	-62.604832
2325.585938	-67.525917
2411.718750	-67.911392
2497.851563	-60.819855
2583.984375	-58.549644
2670.117188	-58.735760
2756.250000	-58.662106
2842.382813	-57.595303
2928.515625	-59.399403
3014.648438	-60.185177
3100.781250	-66.561562
3186.914063	-70.301979
3273.046875	-66.029594
3359.179688	-56.098019
3445.312500	-50.991894
3531.445313	-53.446720
3617.578125	-60.071072
3703.710938	-63.558594
3789.843750	-65.838486
3875.976563	-67.679871
3962.109375	-64.846329
4048.242188	-59.815346
4134.375000	-60.374535
4220.507813	-66.206139
4306.640625	-68.444794
4392.773438	-72.228607
4478.906250	-74.090408
4565.039063	-69.862656
4651.171875	-71.456154
4737.304688	-77.505386
4823.437500	-86.046196
4909.570313	-84.006866
4995.703125	-81.736511
5081.835938	-76.832001
5167.968750	-76.361771
5254.101563	-71.881287
5340.234375	-70.069489
5426.367188	-71.043678
5512.500000	-73.664162
5598.632813	-71.562355
5684.765625	-68.347740
5770.898438	-62.464684
5857.031250	-57.006718
5943.164063	-55.367249
6029.296875	-58.436592
6115.429688	-64.747292
6201.562500	-69.855064
6287.695313	-68.971893
6373.828125	-68.526138
6459.960938	-71.493858
6546.093750	-66.820213
6632.226563	-61.866665
6718.359375	-61.724392
6804.492188	-61.900234
6890.625000	-62.687748
6976.757813	-64.996178
7062.890625	-66.397606
7149.023438	-67.987930
7235.156250	-68.442078
7321.289063	-66.414169
7407.421875	-63.310940
7493.554688	-60.066265
7579.687500	-58.835411
7665.820313	-56.637978
7751.953125	-57.184967
7838.085938	-63.437622
7924.218750	-73.460846
8010.351563	-72.579773
8096.484375	-72.695541
8182.617188	-73.355278
8268.750000	-74.325722
8354.882813	-74.219048
8441.015625	-74.601845
8527.148438	-75.096352
8613.281250	-79.878906
8699.414063	-80.944397
8785.546875	-73.812645
8871.679688	-72.556549
8957.812500	-74.166420
9043.945313	-74.058784
9130.078125	-73.868011
9216.210938	-75.600685
9302.343750	-77.004776
9388.476563	-77.155426
9474.609375	-76.807198
9560.742188	-75.118980
9646.875000	-76.024109
9733.007813	-84.874733
9819.140625	-84.113586
9905.273438	-80.071426
9991.406250	-80.393425
10077.539063	-77.496178
10163.671875	-73.307106
10249.804688	-72.140038
10335.937500	-73.084160
10422.070313	-72.765930
10508.203125	-70.914589
10594.335938	-70.949905
10680.468750	-74.510094
10766.601563	-81.004974
10852.734375	-82.024849
10938.867188	-80.561546
11025.000000	-80.046234
11111.132813	-79.654434
11197.265625	-78.566208
11283.398438	-78.330673
11369.531250	-80.226959
11455.664063	-82.060982
11541.796875	-79.516129
11627.929688	-78.522369
11714.062500	-77.359161
11800.195313	-76.561134
11886.328125	-79.384666
11972.460938	-72.116249
12058.593750	-65.235817
12144.726563	-63.180050
12230.859375	-65.053101
12316.992188	-69.225044
12403.125000	-73.357704
12489.257813	-75.753075
12575.390625	-77.543297
12661.523438	-80.074234
12747.656250	-81.639473
12833.789063	-81.746414
12919.921875	-81.420708
13006.054688	-82.201309
13092.187500	-83.793190
13178.320313	-82.636780
13264.453125	-81.858650
13350.585938	-81.824356
13436.718750	-79.763313
13522.851563	-79.575630
13608.984375	-80.899338
13695.117188	-80.173317
13781.250000	-77.267502
13867.382813	-75.310280
13953.515625	-76.400566
14039.648438	-80.156273
14125.781250	-79.792999
14211.914063	-78.941582
14298.046875	-80.385017
14384.179688	-82.552170
14470.312500	-84.880165
14556.445313	-85.800453
14642.578125	-91.116135
14728.710938	-92.863487
14814.843750	-85.272072
14900.976563	-84.308578
14987.109375	-84.596756
15073.242188	-83.452194
15159.375000	-82.672409
15245.507813	-84.806221
15331.640625	-85.466927
15417.773438	-81.209450
15503.906250	-79.772163
15590.039063	-81.134811
15676.171875	-83.321442
15762.304688	-81.931618
15848.437500	-80.594673
15934.570313	-81.324677
16020.703125	-82.810135
16106.835938	-83.482391
16192.968750	-83.709435
16279.101563	-84.323364
16365.234375	-85.615120
16451.367188	-87.411972
16537.500000	-90.062218
16623.632813	-90.866074
16709.765625	-87.999367
16795.898438	-87.057625
16882.031250	-89.063667
16968.164063	-90.346848
17054.296875	-89.571869
17140.429688	-87.724052
17226.562500	-85.401794
17312.695313	-84.883263
17398.828125	-85.616371
17484.960938	-85.440392
17571.093750	-85.275299
17657.226563	-84.518997
17743.359375	-83.222908
17829.492188	-81.629448
17915.625000	-79.568474
18001.757813	-78.287010
18087.890625	-78.740547
18174.023438	-80.517448
18260.156250	-82.503540
18346.289063	-84.780960
18432.421875	-87.612000
18518.554688	-90.534554
18604.687500	-93.020988
18690.820313	-95.970253
18776.953125	-100.201607
18863.085938	-100.788864
18949.218750	-98.068100
19035.351563	-94.912071
19121.484375	-93.868546
19207.617188	-95.237274
19293.750000	-97.232681
19379.882813	-98.380249
19466.015625	-100.555443
19552.148438	-103.973701
19638.281250	-104.663231
19724.414063	-103.629326
19810.546875	-104.152374
19896.679688	-105.266983
19982.812500	-108.283302
20068.945313	-108.756073
20155.078125	-110.846939
20241.210938	-116.051208
20327.343750	-116.196953
20413.476563	-116.851326
20499.609375	-118.016258
20585.742188	-119.513214
20671.875000	-121.210693
20758.007813	-128.884933
20844.140625	-129.260345
20930.273438	-128.549072
21016.406250	-130.160248
21102.539063	-134.567184
21188.671875	-129.314499
21274.804688	-126.631256
21360.937500	-127.901627
21447.070313	-130.177979
21533.203125	-131.701447
21619.335938	-133.266983
21705.468750	-133.129105
21791.601563	-134.094574
21877.734375	-134.002502
21963.867188	-138.108582
