Frequency (Hz)	Level (dB)
86.132813	-53.775093
172.265625	-54.554237
258.398438	-58.784431
344.531250	-61.051552
430.664063	-59.144604
516.796875	-59.355785
602.929688	-61.159000
689.062500	-61.856449
775.195313	-57.403240
861.328125	-59.463379
947.460938	-72.207016
1033.593750	-70.446594
1119.726563	-65.555008
1205.859375	-62.920120
1291.992188	-65.231689
1378.125000	-64.356949
1464.257813	-56.358807
1550.390625	-52.080967
1636.523438	-55.515160
1722.656250	-60.002739
1808.789063	-58.602032
1894.921875	-61.522644
1981.054688	-51.773537
2067.187500	-46.108036
2153.320313	-49.498524
2239.453125	-61.063221
2325.585938	-69.170158
2411.718750	-65.207336
2497.851563	-66.054962
2583.984375	-63.996429
2670.117188	-64.744415
2756.250000	-66.576843
2842.382813	-69.127014
2928.515625	-69.420326
3014.648438	-66.281609
3100.781250	-64.445267
3186.914063	-61.534428
3273.046875	-59.996605
3359.179688	-56.775600
3445.312500	-51.974083
3531.445313	-55.453499
3617.578125	-63.795551
3703.710938	-72.256523
3789.843750	-68.549599
3875.976563	-63.556313
3962.109375	-62.356998
4048.242188	-60.744610
4134.375000	-59.652706
4220.507813	-62.908043
4306.640625	-67.052185
4392.773438	-67.391586
4478.906250	-65.709015
4565.039063	-64.165482
4651.171875	-62.471760
4737.304688	-67.811546
4823.437500	-70.127434
4909.570313	-70.003487
4995.703125	-65.346291
5081.835938	-61.686424
5167.968750	-60.238945
5254.101563	-57.733994
5340.234375	-51.788960
5426.367188	-53.903641
5512.500000	-60.453762
5598.632813	-60.901520
5684.765625	-64.152573
5770.898438	-63.461914
5857.031250	-57.431595
5943.164063	-54.578285
6029.296875	-55.697060
6115.429688	-60.846973
6201.562500	-64.287552
6287.695313	-62.765469
6373.828125	-66.624542
6459.960938	-78.441856
6546.093750	-67.531502
6632.226563	-64.930687
6718.359375	-69.558952
6804.492188	-69.530159
6890.625000	-72.412514
6976.757813	-76.311554
7062.890625	-81.332062
7149.023438	-85.915497
7235.156250	-86.104141
7321.289063	-83.642296
7407.421875	-83.202087
7493.554688	-76.574898
7579.687500	-73.030380
7665.820313	-73.624382
7751.953125	-72.959808
7838.085938	-71.861130
7924.218750	-73.193100
8010.351563	-68.498573
8096.484375	-68.067619
8182.617188	-72.397575
8268.750000	-76.954544
8354.882813	-77.252365
8441.015625	-78.584602
8527.148438	-79.787437
8613.281250	-73.365547
8699.414063	-73.228485
8785.546875	-71.893730
8871.679688	-68.633102
8957.812500	-70.780952
9043.945313	-75.641426
9130.078125	-75.120583
9216.210938	-72.195503
9302.343750	-71.831665
9388.476563	-72.640823
9474.609375	-72.783638
9560.742188	-71.682144
9646.875000	-70.727097
9733.007813	-72.056992
9819.140625	-73.778488
9905.273438	-76.359398
9991.406250	-78.235970
10077.539063	-75.431808
10163.671875	-73.078552
10249.804688	-71.211792
10335.937500	-72.513039
10422.070313	-73.101654
10508.203125	-69.095947
10594.335938	-67.080360
10680.468750	-66.533478
10766.601563	-68.143051
10852.734375	-70.226288
10938.867188	-72.349838
11025.000000	-78.332451
11111.132813	-81.051773
11197.265625	-80.603119
11283.398438	-78.825966
11369.531250	-77.512009
11455.664063	-77.491409
11541.796875	-77.591545
11627.929688	-79.778435
11714.062500	-84.191719
11800.195313	-86.186348
11886.328125	-86.505936
11972.460938	-89.402580
12058.593750	-90.051422
12144.726563	-90.351875
12230.859375	-89.852921
12316.992188	-91.265846
12403.125000	-89.809288
12489.257813	-89.421448
12575.390625	-90.864464
12661.523438	-90.739059
12747.656250	-89.419098
12833.789063	-89.920525
12919.921875	-88.562599
13006.054688	-85.799759
13092.187500	-87.019005
13178.320313	-85.483047
13264.453125	-85.609581
13350.585938	-86.715111
13436.718750	-85.962585
13522.851563	-86.664810
13608.984375	-88.529106
13695.117188	-93.278290
13781.250000	-84.950569
13867.382813	-82.343948
13953.515625	-82.354980
14039.648438	-80.924446
14125.781250	-78.004913
14211.914063	-78.487015
14298.046875	-81.395355
14384.179688	-82.432190
14470.312500	-84.444504
14556.445313	-84.446953
14642.578125	-86.407921
14728.710938	-89.866478
14814.843750	-88.837875
14900.976563	-86.749435
14987.109375	-88.188789
15073.242188	-85.188957
15159.375000	-83.508202
15245.507813	-82.389679
15331.640625	-82.614265
15417.773438	-85.263046
15503.906250	-86.300972
15590.039063	-87.227173
15676.171875	-89.479568
15762.304688	-93.618576
15848.437500	-92.108391
15934.570313	-90.374710
16020.703125	-89.740082
16106.835938	-88.422432
16192.968750	-88.161133
16279.101563	-89.718842
16365.234375	-93.013016
16451.367188	-96.279663
16537.500000	-98.572609
16623.632813	-98.139908
16709.765625	-99.164345
16795.898438	-99.222267
16882.031250	-99.080101
16968.164063	-100.553040
17054.296875	-100.545441
17140.429688	-97.120102
17226.562500	-94.110153
17312.695313	-92.807434
17398.828125	-94.145576
17484.960938	-94.425468
17571.093750	-91.891167
17657.226563	-91.217934
17743.359375	-90.400406
17829.492188	-87.832741
17915.625000	-86.752632
18001.757813	-86.692055
18087.890625	-86.123665
18174.023438	-86.148773
18260.156250	-86.833603
18346.289063	-87.412323
18432.421875	-87.067848
18518.554688	-86.825562
18604.687500	-86.711288
18690.820313	-87.812050
18776.953125	-87.126991
18863.085938	-87.158089
18949.218750	-87.409447
19035.351563	-87.099083
19121.484375	-87.401962
19207.617188	-89.162697
19293.750000	-91.244034
19379.882813	-93.949478
19466.015625	-96.093483
19552.148438	-99.019112
19638.281250	-100.394783
19724.414063	-102.620346
19810.546875	-104.291954
19896.679688	-105.371727
19982.812500	-105.352585
20068.945313	-103.855873
20155.078125	-104.502884
20241.210938	-106.151344
20327.343750	-106.396057
20413.476563	-107.323982
20499.609375	-109.988602
20585.742188	-111.088753
20671.875000	-115.588844
20758.007813	-120.586380
20844.140625	-122.042877
20930.273438	-121.229248
21016.406250	-124.111855
21102.539063	-128.776169
21188.671875	-121.781120
21274.804688	-121.941124
21360.937500	-125.647133
21447.070313	-130.424545
21533.203125	-131.254028
21619.335938	-130.313568
21705.468750	-133.110687
21791.601563	-131.705032
21877.734375	-133.893463
21963.867188	-134.359573
