Frequency (Hz)	Level (dB)
86.132813	-53.930542
172.265625	-54.278923
258.398438	-56.645931
344.531250	-59.901936
430.664063	-56.541805
516.796875	-56.812439
602.929688	-59.481697
689.062500	-60.138523
775.195313	-58.170147
861.328125	-60.612835
947.460938	-71.889915
1033.593750	-75.270737
1119.726563	-68.124069
1205.859375	-61.847359
1291.992188	-59.898743
1378.125000	-60.662037
1464.257813	-62.038109
1550.390625	-62.449631
1636.523438	-62.803600
1722.656250	-62.311329
1808.789063	-65.666840
1894.921875	-71.747719
1981.054688	-65.786438
2067.187500	-61.123558
2153.320313	-59.633942
2239.453125	-60.817047
2325.585938	-64.253845
2411.718750	-65.410477
2497.851563	-63.672340
2583.984375	-62.716438
2670.117188	-62.910103
2756.250000	-64.674927
2842.382813	-67.968849
2928.515625	-72.649826
3014.648438	-74.495056
3100.781250	-69.235901
3186.914063	-65.567047
3273.046875	-63.449448
3359.179688	-63.077732
3445.312500	-66.631729
3531.445313	-73.523170
3617.578125	-67.467842
3703.710938	-66.774742
3789.843750	-71.427788
3875.976563	-71.894737
3962.109375	-63.673977
4048.242188	-55.109833
4134.375000	-51.324203
4220.507813	-52.594364
4306.640625	-56.111591
4392.773438	-61.055958
4478.906250	-64.116669
4565.039063	-65.588524
4651.171875	-69.877922
4737.304688	-72.642303
4823.437500	-69.173386
4909.570313	-67.153473
4995.703125	-65.571075
5081.835938	-63.662441
5167.968750	-59.162567
5254.101563	-54.488506
5340.234375	-53.793812
5426.367188	-56.657005
5512.500000	-59.939346
5598.632813	-60.812527
5684.765625	-63.715031
5770.898438	-63.628918
5857.031250	-54.805679
5943.164063	-51.452080
6029.296875	-51.857471
6115.429688	-57.238148
6201.562500	-70.903938
6287.695313	-64.491295
6373.828125	-61.931515
6459.960938	-63.044529
6546.093750	-66.598228
6632.226563	-70.377693
6718.359375	-74.781921
6804.492188	-77.604912
6890.625000	-73.746803
6976.757813	-72.825493
7062.890625	-73.832016
7149.023438	-74.608047
7235.156250	-76.507088
7321.289063	-77.665779
7407.421875	-75.152794
7493.554688	-71.538528
7579.687500	-70.585236
7665.820313	-70.870644
7751.953125	-68.946548
7838.085938	-68.748283
7924.218750	-73.457649
8010.351563	-83.656708
8096.484375	-72.261879
8182.617188	-68.547676
8268.750000	-66.749245
8354.882813	-64.717308
8441.015625	-65.945625
8527.148438	-69.135620
8613.281250	-72.045090
8699.414063	-76.590767
8785.546875	-85.711014
8871.679688	-79.321007
8957.812500	-76.651779
9043.945313	-74.871620
9130.078125	-75.521851
9216.210938	-73.539413
9302.343750	-70.529884
9388.476563	-70.232895
9474.609375	-72.883980
9560.742188	-77.553185
9646.875000	-76.576515
9733.007813	-74.759865
9819.140625	-75.881485
9905.273438	-80.303886
9991.406250	-80.741386
10077.539063	-76.944679
10163.671875	-75.676575
10249.804688	-74.852203
10335.937500	-74.626785
10422.070313	-74.958893
10508.203125	-73.810936
10594.335938	-74.272675
10680.468750	-79.332649
10766.601563	-76.661934
10852.734375	-71.086769
10938.867188	-68.277420
11025.000000	-68.502747
11111.132813	-70.218430
11197.265625	-71.538940
11283.398438	-73.279297
11369.531250	-72.334778
11455.664063	-71.341232
11541.796875	-73.011536
11627.929688	-76.732239
11714.062500	-82.436867
11800.195313	-82.130684
11886.328125	-80.816711
11972.460938	-82.889542
12058.593750	-84.020332
12144.726563	-82.281967
12230.859375	-81.193260
12316.992188	-83.387123
12403.125000	-86.000664
12489.257813	-82.886620
12575.390625	-82.575966
12661.523438	-85.124855
12747.656250	-90.458389
12833.789063	-92.478951
12919.921875	-86.106239
13006.054688	-85.465546
13092.187500	-86.009109
13178.320313	-85.204834
13264.453125	-83.953232
13350.585938	-84.763046
13436.718750	-89.602974
13522.851563	-87.127151
13608.984375	-83.538300
13695.117188	-82.909821
13781.250000	-81.271027
13867.382813	-79.572563
13953.515625	-79.599709
14039.648438	-81.217964
14125.781250	-81.998749
14211.914063	-83.755920
14298.046875	-91.287697
14384.179688	-83.819099
14470.312500	-80.148308
14556.445313	-80.490585
14642.578125	-81.154785
14728.710938	-82.080078
14814.843750	-83.125145
14900.976563	-81.973724
14987.109375	-82.482025
15073.242188	-84.510536
15159.375000	-83.473793
15245.507813	-80.969826
15331.640625	-79.232880
15417.773438	-78.612869
15503.906250	-78.193275
15590.039063	-77.196556
15676.171875	-76.650116
15762.304688	-77.881485
15848.437500	-81.274788
15934.570313	-85.728416
16020.703125	-89.720406
16106.835938	-94.423683
16192.968750	-90.055397
16279.101563	-87.022827
16365.234375	-87.882607
16451.367188	-92.081062
16537.500000	-99.502853
16623.632813	-102.073280
16709.765625	-97.350731
16795.898438	-94.475502
16882.031250	-92.886078
16968.164063	-91.023140
17054.296875	-91.884285
17140.429688	-96.605782
17226.562500	-98.757027
17312.695313	-91.255737
17398.828125	-86.923027
17484.960938	-86.804832
17571.093750	-87.777481
17657.226563	-86.399925
17743.359375	-87.480354
17829.492188	-93.342941
17915.625000	-96.035477
18001.757813	-89.019333
18087.890625	-86.294090
18174.023438	-85.370720
18260.156250	-84.802002
18346.289063	-84.713142
18432.421875	-87.028999
18518.554688	-93.049614
18604.687500	-93.684677
18690.820313	-89.376297
18776.953125	-85.206161
18863.085938	-84.013275
18949.218750	-86.167816
19035.351563	-89.426407
19121.484375	-92.549072
19207.617188	-98.758385
19293.750000	-96.804367
19379.882813	-94.568695
19466.015625	-95.943756
19552.148438	-101.158012
19638.281250	-105.411346
19724.414063	-105.357437
19810.546875	-106.253792
19896.679688	-108.726372
19982.812500	-112.448906
20068.945313	-106.235558
20155.078125	-101.928253
20241.210938	-102.571457
20327.343750	-103.302635
20413.476563	-103.619057
20499.609375	-106.894775
20585.742188	-110.416634
20671.875000	-106.766838
20758.007813	-107.420280
20844.140625	-110.478157
20930.273438	-108.978287
21016.406250	-110.624100
21102.539063	-117.662079
21188.671875	-124.805832
21274.804688	-123.007706
21360.937500	-123.162758
21447.070313	-120.089844
21533.203125	-120.996918
21619.335938	-125.482117
21705.468750	-129.780991
21791.601563	-126.832741
21877.734375	-126.605949
21963.867188	-131.285660
