Frequency (Hz)	Level (dB)
86.132813	-38.978104
172.265625	-43.437931
258.398438	-46.129509
344.531250	-48.509903
430.664063	-50.553051
516.796875	-51.908089
602.929688	-52.959648
689.062500	-54.149754
775.195313	-55.424625
861.328125	-56.868446
947.460938	-57.942265
1033.593750	-58.250439
1119.726563	-57.854977
1205.859375	-57.274899
1291.992188	-57.770531
1378.125000	-59.243576
1464.257813	-59.541115
1550.390625	-58.530022
1636.523438	-59.269245
1722.656250	-58.739029
1808.789063	-56.442207
1894.921875	-56.144798
1981.054688	-54.013306
2067.187500	-51.788830
2153.320313	-56.335979
2239.453125	-62.003548
2325.585938	-64.243797
2411.718750	-66.385437
2497.851563	-65.439461
2583.984375	-62.682739
2670.117188	-62.530537
2756.250000	-61.825607
2842.382813	-61.886250
2928.515625	-68.253380
3014.648438	-72.503189
3100.781250	-73.067795
3186.914063	-73.966148
3273.046875	-61.144913
3359.179688	-48.488682
3445.312500	-43.427979
3531.445313	-47.197556
3617.578125	-53.024811
3703.710938	-54.262642
3789.843750	-55.719162
3875.976563	-56.718616
3962.109375	-58.018715
4048.242188	-57.157482
4134.375000	-55.439995
4220.507813	-56.292809
4306.640625	-57.743420
4392.773438	-58.471317
4478.906250	-56.603294
4565.039063	-56.160477
4651.171875	-56.616028
4737.304688	-56.724369
4823.437500	-56.136803
4909.570313	-55.538830
4995.703125	-54.590096
5081.835938	-50.068081
5167.968750	-50.929741
5254.101563	-57.469437
5340.234375	-47.433220
5426.367188	-45.566803
5512.500000	-47.931145
5598.632813	-47.178909
5684.765625	-45.297768
5770.898438	-42.193047
5857.031250	-37.647938
5943.164063	-37.195156
6029.296875	-41.648834
6115.429688	-47.507317
6201.562500	-53.878036
6287.695313	-58.320408
6373.828125	-60.134079
6459.960938	-61.076611
6546.093750	-61.835808
6632.226563	-60.114384
6718.359375	-63.181900
6804.492188	-64.932617
6890.625000	-66.014519
6976.757813	-73.560715
7062.890625	-77.292152
7149.023438	-80.264023
7235.156250	-79.651688
7321.289063	-77.220314
7407.421875	-78.066750
7493.554688	-70.670486
7579.687500	-65.067963
7665.820313	-63.011669
7751.953125	-62.518185
7838.085938	-66.040298
7924.218750	-69.382675
8010.351563	-69.739105
8096.484375	-67.848907
8182.617188	-67.727730
8268.750000	-69.022385
8354.882813	-70.555977
8441.015625	-72.689384
8527.148438	-72.728073
8613.281250	-68.911835
8699.414063	-64.287170
8785.546875	-63.365330
8871.679688	-64.640518
8957.812500	-66.524689
9043.945313	-68.669167
9130.078125	-69.018707
9216.210938	-68.749695
9302.343750	-69.517319
9388.476563	-69.174698
9474.609375	-68.359947
9560.742188	-66.301361
9646.875000	-65.441910
9733.007813	-69.046959
9819.140625	-75.925423
9905.273438	-80.851631
9991.406250	-81.452858
10077.539063	-81.102592
10163.671875	-77.631493
10249.804688	-75.052711
10335.937500	-75.111519
10422.070313	-74.264183
10508.203125	-72.421158
10594.335938	-71.258926
10680.468750	-72.995766
10766.601563	-78.231735
10852.734375	-84.765701
10938.867188	-84.547997
11025.000000	-81.853027
11111.132813	-83.554970
11197.265625	-86.862114
11283.398438	-86.194931
11369.531250	-85.690865
11455.664063	-82.833206
11541.796875	-81.088882
11627.929688	-80.691727
11714.062500	-81.595345
11800.195313	-81.734619
11886.328125	-82.535492
11972.460938	-82.970009
12058.593750	-81.492584
12144.726563	-81.354271
12230.859375	-85.927887
12316.992188	-91.911308
12403.125000	-94.988266
12489.257813	-94.348694
12575.390625	-95.108246
12661.523438	-97.057373
12747.656250	-96.348503
12833.789063	-94.937607
12919.921875	-92.842842
13006.054688	-91.078270
13092.187500	-90.408035
13178.320313	-90.340530
13264.453125	-91.631111
13350.585938	-93.693901
13436.718750	-94.239960
13522.851563	-91.608414
13608.984375	-88.632172
13695.117188	-86.576523
13781.250000	-85.024071
13867.382813	-82.738167
13953.515625	-82.168869
14039.648438	-81.610497
14125.781250	-80.294418
14211.914063	-80.721657
14298.046875	-82.601509
14384.179688	-85.452675
14470.312500	-87.658562
14556.445313	-87.772758
14642.578125	-88.110481
14728.710938	-87.401138
14814.843750	-86.836601
14900.976563	-86.761162
14987.109375	-86.629204
15073.242188	-85.865318
15159.375000	-85.463173
15245.507813	-86.095558
15331.640625	-85.028732
15417.773438	-83.777214
15503.906250	-85.273750
15590.039063	-88.802101
15676.171875	-90.053169
15762.304688	-89.708870
15848.437500	-88.783241
15934.570313	-86.968727
16020.703125	-86.337196
16106.835938	-86.218895
16192.968750	-87.152557
16279.101563	-89.280762
16365.234375	-91.253479
16451.367188	-91.971703
16537.500000	-91.361610
16623.632813	-91.178101
16709.765625	-91.686905
16795.898438	-92.481842
16882.031250	-93.630806
16968.164063	-92.949471
17054.296875	-91.359138
17140.429688	-89.165001
17226.562500	-87.462891
17312.695313	-87.161697
17398.828125	-88.355400
17484.960938	-89.563385
17571.093750	-89.084236
17657.226563	-87.497696
17743.359375	-84.854385
17829.492188	-81.956924
17915.625000	-79.773048
18001.757813	-78.554131
18087.890625	-78.970726
18174.023438	-79.972282
18260.156250	-81.026451
18346.289063	-82.514320
18432.421875	-85.110878
18518.554688	-88.240845
18604.687500	-92.684647
18690.820313	-98.716858
18776.953125	-100.653000
18863.085938	-97.047791
18949.218750	-93.395538
19035.351563	-90.550514
19121.484375	-89.130341
19207.617188	-89.019447
19293.750000	-90.453331
19379.882813	-92.744942
19466.015625	-94.577759
19552.148438	-96.113777
19638.281250	-98.328392
19724.414063	-100.173058
19810.546875	-102.152908
19896.679688	-104.678970
19982.812500	-106.520462
20068.945313	-106.547905
20155.078125	-109.671043
20241.210938	-111.571609
20327.343750	-113.264099
20413.476563	-113.672966
20499.609375	-115.354294
20585.742188	-117.108864
20671.875000	-117.108871
20758.007813	-119.175331
20844.140625	-121.107124
20930.273438	-120.947678
21016.406250	-120.952797
21102.539063	-124.121117
21188.671875	-127.312958
21274.804688	-127.554466
21360.937500	-128.193802
21447.070313	-129.248398
21533.203125	-129.971573
21619.335938	-130.066864
21705.468750	-132.048630
21791.601563	-132.275986
21877.734375	-132.459824
21963.867188	-132.413895
