Frequency (Hz)	Level (dB)
86.132813	-41.351311
172.265625	-45.903267
258.398438	-48.486229
344.531250	-50.806499
430.664063	-52.762054
516.796875	-53.922001
602.929688	-55.082352
689.062500	-56.448277
775.195313	-57.876125
861.328125	-59.422268
947.460938	-60.859608
1033.593750	-60.767250
1119.726563	-59.908501
1205.859375	-58.979679
1291.992188	-59.863468
1378.125000	-60.848213
1464.257813	-59.341618
1550.390625	-59.531815
1636.523438	-65.523430
1722.656250	-68.319214
1808.789063	-67.391212
1894.921875	-66.065697
1981.054688	-57.817707
2067.187500	-51.262733
2153.320313	-49.567291
2239.453125	-52.887161
2325.585938	-60.741848
2411.718750	-65.626976
2497.851563	-65.411110
2583.984375	-64.588158
2670.117188	-60.616611
2756.250000	-51.933380
2842.382813	-47.402451
2928.515625	-51.683208
3014.648438	-58.148216
3100.781250	-59.838009
3186.914063	-58.781509
3273.046875	-56.401596
3359.179688	-50.317791
3445.312500	-46.633213
3531.445313	-51.456333
3617.578125	-56.476509
3703.710938	-56.543793
3789.843750	-62.538368
3875.976563	-68.375130
3962.109375	-66.417374
4048.242188	-64.359375
4134.375000	-63.915272
4220.507813	-66.533234
4306.640625	-66.242332
4392.773438	-61.428150
4478.906250	-57.951752
4565.039063	-60.314507
4651.171875	-67.366211
4737.304688	-69.960838
4823.437500	-66.573555
4909.570313	-65.071823
4995.703125	-62.701946
5081.835938	-57.141800
5167.968750	-53.702015
5254.101563	-54.293568
5340.234375	-52.821609
5426.367188	-56.099369
5512.500000	-63.087566
5598.632813	-65.074257
5684.765625	-62.877876
5770.898438	-61.081356
5857.031250	-56.790916
5943.164063	-56.437428
6029.296875	-63.118057
6115.429688	-75.890930
6201.562500	-70.944054
6287.695313	-67.869896
6373.828125	-66.243523
6459.960938	-65.951111
6546.093750	-65.980438
6632.226563	-64.145363
6718.359375	-62.625610
6804.492188	-60.996914
6890.625000	-60.535217
6976.757813	-60.746971
7062.890625	-59.426357
7149.023438	-59.846500
7235.156250	-59.157501
7321.289063	-57.696156
7407.421875	-56.636803
7493.554688	-54.719608
7579.687500	-53.454636
7665.820313	-55.574024
7751.953125	-56.684311
7838.085938	-62.114475
7924.218750	-65.247704
8010.351563	-66.194275
8096.484375	-68.086006
8182.617188	-68.486862
8268.750000	-68.119965
8354.882813	-68.769676
8441.015625	-70.232910
8527.148438	-70.467293
8613.281250	-67.504402
8699.414063	-63.943428
8785.546875	-65.327049
8871.679688	-69.626968
8957.812500	-73.124550
9043.945313	-73.200798
9130.078125	-70.320961
9216.210938	-70.235695
9302.343750	-72.970001
9388.476563	-75.645889
9474.609375	-80.330223
9560.742188	-84.919365
9646.875000	-80.876068
9733.007813	-79.844925
9819.140625	-79.966705
9905.273438	-81.698761
9991.406250	-83.320534
10077.539063	-83.728592
10163.671875	-83.997864
10249.804688	-84.714035
10335.937500	-88.587418
10422.070313	-87.207718
10508.203125	-79.366547
10594.335938	-74.869934
10680.468750	-74.776100
10766.601563	-76.461685
10852.734375	-79.273712
10938.867188	-84.263771
11025.000000	-86.068161
11111.132813	-85.494911
11197.265625	-86.843658
11283.398438	-87.593834
11369.531250	-85.465683
11455.664063	-82.741531
11541.796875	-81.387360
11627.929688	-82.124268
11714.062500	-84.914764
11800.195313	-83.874580
11886.328125	-80.029861
11972.460938	-75.007172
12058.593750	-70.059486
12144.726563	-69.021111
12230.859375	-72.576385
12316.992188	-75.970963
12403.125000	-78.501610
12489.257813	-79.689835
12575.390625	-80.949921
12661.523438	-82.767754
12747.656250	-81.911369
12833.789063	-79.678246
12919.921875	-78.826424
13006.054688	-79.717911
13092.187500	-81.985580
13178.320313	-84.285721
13264.453125	-86.168488
13350.585938	-85.506134
13436.718750	-84.101616
13522.851563	-84.526901
13608.984375	-85.689301
13695.117188	-85.289345
13781.250000	-83.582680
13867.382813	-81.331154
13953.515625	-80.269417
14039.648438	-80.631271
14125.781250	-81.046181
14211.914063	-81.807190
14298.046875	-82.767677
14384.179688	-83.862267
14470.312500	-84.949516
14556.445313	-85.503922
14642.578125	-85.485130
14728.710938	-84.895897
14814.843750	-83.633072
14900.976563	-83.428185
14987.109375	-85.432976
15073.242188	-87.765450
15159.375000	-86.446220
15245.507813	-84.909996
15331.640625	-85.360466
15417.773438	-87.484200
15503.906250	-88.704849
15590.039063	-87.135880
15676.171875	-84.745392
15762.304688	-83.964981
15848.437500	-85.382202
15934.570313	-86.949249
16020.703125	-88.342377
16106.835938	-90.457275
16192.968750	-92.732025
16279.101563	-95.940666
16365.234375	-98.676949
16451.367188	-100.803726
16537.500000	-100.395294
16623.632813	-100.556061
16709.765625	-105.070183
16795.898438	-109.711426
16882.031250	-110.025024
16968.164063	-108.997169
17054.296875	-109.511414
17140.429688	-109.233154
17226.562500	-106.401955
17312.695313	-99.992020
17398.828125	-95.363464
17484.960938	-95.319908
17571.093750	-95.706131
17657.226563	-93.977791
17743.359375	-92.289680
17829.492188	-88.603134
17915.625000	-86.278389
18001.757813	-85.235680
18087.890625	-85.246170
18174.023438	-86.138969
18260.156250	-87.430557
18346.289063	-88.715927
18432.421875	-89.383995
18518.554688	-89.642761
18604.687500	-89.906250
18690.820313	-90.387733
18776.953125	-90.812286
18863.085938	-91.432167
18949.218750	-91.679024
19035.351563	-91.645226
19121.484375	-91.643646
19207.617188	-92.348885
19293.750000	-94.587059
19379.882813	-97.384171
19466.015625	-98.641556
19552.148438	-100.083801
19638.281250	-101.001373
19724.414063	-101.220230
19810.546875	-102.268860
19896.679688	-102.270142
19982.812500	-103.907211
20068.945313	-105.873100
20155.078125	-108.662643
20241.210938	-112.150139
20327.343750	-114.583908
20413.476563	-116.383942
20499.609375	-117.298965
20585.742188	-120.513382
20671.875000	-122.920479
20758.007813	-125.161095
20844.140625	-128.784286
20930.273438	-130.160187
21016.406250	-127.661491
21102.539063	-123.733017
21188.671875	-124.070534
21274.804688	-127.459869
21360.937500	-128.837845
21447.070313	-130.433609
21533.203125	-133.103577
21619.335938	-135.638168
21705.468750	-138.666275
21791.601563	-140.612427
21877.734375	-140.497498
21963.867188	-139.868652
