Frequency (Hz)	Level (dB)
86.132813	-59.701138
172.265625	-57.454876
258.398438	-61.046593
344.531250	-63.910622
430.664063	-64.499283
516.796875	-65.031387
602.929688	-66.951508
689.062500	-68.648460
775.195313	-70.478859
861.328125	-72.121330
947.460938	-73.456619
1033.593750	-74.594627
1119.726563	-72.963242
1205.859375	-70.517990
1291.992188	-70.307121
1378.125000	-69.715645
1464.257813	-72.093018
1550.390625	-65.769691
1636.523438	-65.193764
1722.656250	-66.410660
1808.789063	-68.156441
1894.921875	-68.738121
1981.054688	-66.802925
2067.187500	-63.971413
2153.320313	-64.248840
2239.453125	-67.080750
2325.585938	-75.652092
2411.718750	-67.772507
2497.851563	-68.367401
2583.984375	-70.542160
2670.117188	-70.492531
2756.250000	-70.655235
2842.382813	-72.416367
2928.515625	-75.877289
3014.648438	-82.235390
3100.781250	-76.446877
3186.914063	-73.948097
3273.046875	-72.439781
3359.179688	-71.219383
3445.312500	-70.173019
3531.445313	-70.905220
3617.578125	-70.132957
3703.710938	-73.411659
3789.843750	-77.339188
3875.976563	-75.390800
3962.109375	-76.028938
4048.242188	-65.639893
4134.375000	-61.633682
4220.507813	-64.191879
4306.640625	-65.662941
4392.773438	-68.347931
4478.906250	-70.936752
4565.039063	-74.087982
4651.171875	-70.978561
4737.304688	-72.236725
4823.437500	-71.887695
4909.570313	-70.247414
4995.703125	-68.106232
5081.835938	-66.204025
5167.968750	-64.891815
5254.101563	-61.377407
5340.234375	-63.033752
5426.367188	-67.260773
5512.500000	-66.858490
5598.632813	-65.995682
5684.765625	-64.123596
5770.898438	-61.000050
5857.031250	-58.821983
5943.164063	-58.494663
6029.296875	-58.957054
6115.429688	-63.200382
6201.562500	-69.792099
6287.695313	-75.770531
6373.828125	-78.834442
6459.960938	-80.291481
6546.093750	-79.970871
6632.226563	-82.112320
6718.359375	-89.742783
6804.492188	-91.825127
6890.625000	-84.196144
6976.757813	-77.337891
7062.890625	-72.962540
7149.023438	-75.454971
7235.156250	-80.355278
7321.289063	-79.861183
7407.421875	-76.959343
7493.554688	-72.484085
7579.687500	-68.595406
7665.820313	-70.062744
7751.953125	-72.670593
7838.085938	-75.280510
7924.218750	-78.352303
8010.351563	-80.150833
8096.484375	-81.003494
8182.617188	-83.083664
8268.750000	-90.958412
8354.882813	-89.341064
8441.015625	-85.053993
8527.148438	-83.981430
8613.281250	-84.676331
8699.414063	-84.878929
8785.546875	-86.582413
8871.679688	-85.136192
8957.812500	-85.210526
9043.945313	-86.983437
9130.078125	-89.861160
9216.210938	-90.445801
9302.343750	-86.976379
9388.476563	-84.765999
9474.609375	-84.552307
9560.742188	-86.775467
9646.875000	-87.157585
9733.007813	-85.233994
9819.140625	-85.957512
9905.273438	-89.802628
9991.406250	-95.898148
10077.539063	-102.396431
10163.671875	-96.823120
10249.804688	-88.340096
10335.937500	-85.181030
10422.070313	-83.557381
10508.203125	-83.222008
10594.335938	-82.196175
10680.468750	-83.986908
10766.601563	-85.369003
10852.734375	-84.592880
10938.867188	-85.157524
11025.000000	-88.575340
11111.132813	-94.548798
11197.265625	-95.130692
11283.398438	-93.598595
11369.531250	-88.931175
11455.664063	-86.395599
11541.796875	-87.584747
11627.929688	-90.338142
11714.062500	-93.051910
11800.195313	-92.052597
11886.328125	-88.824188
11972.460938	-86.779610
12058.593750	-82.737015
12144.726563	-81.444550
12230.859375	-84.246727
12316.992188	-88.907898
12403.125000	-89.893181
12489.257813	-87.207909
12575.390625	-87.030212
12661.523438	-90.036072
12747.656250	-91.308434
12833.789063	-93.569107
12919.921875	-96.720459
13006.054688	-92.339722
13092.187500	-91.078476
13178.320313	-89.084572
13264.453125	-87.857597
13350.585938	-85.655426
13436.718750	-84.779518
13522.851563	-85.577454
13608.984375	-87.346649
13695.117188	-90.603516
13781.250000	-95.059280
13867.382813	-97.716286
13953.515625	-99.811539
14039.648438	-98.509995
14125.781250	-96.858215
14211.914063	-96.511978
14298.046875	-98.413216
14384.179688	-97.676254
14470.312500	-95.567947
14556.445313	-94.276070
14642.578125	-93.290840
14728.710938	-92.968437
14814.843750	-93.408981
14900.976563	-94.762978
14987.109375	-96.795853
15073.242188	-95.671013
15159.375000	-94.116295
15245.507813	-94.856422
15331.640625	-94.465782
15417.773438	-91.581650
15503.906250	-89.173523
15590.039063	-86.814575
15676.171875	-84.880226
15762.304688	-84.013176
15848.437500	-84.993103
15934.570313	-87.580521
16020.703125	-89.717529
16106.835938	-90.487602
16192.968750	-91.193665
16279.101563	-92.115120
16365.234375	-92.942413
16451.367188	-94.032555
16537.500000	-95.455307
16623.632813	-97.140419
16709.765625	-98.671425
16795.898438	-99.774086
16882.031250	-100.805504
16968.164063	-102.264542
17054.296875	-103.898636
17140.429688	-105.859764
17226.562500	-107.821465
17312.695313	-107.710320
17398.828125	-106.745811
17484.960938	-106.389587
17571.093750	-106.647110
17657.226563	-107.449677
17743.359375	-108.255356
17829.492188	-108.167496
17915.625000	-106.326767
18001.757813	-104.182541
18087.890625	-102.740921
18174.023438	-101.886963
18260.156250	-101.807793
18346.289063	-102.810631
18432.421875	-104.893196
18518.554688	-107.438728
18604.687500	-109.703888
18690.820313	-111.233452
18776.953125	-112.876862
18863.085938	-114.843544
18949.218750	-116.203590
19035.351563	-119.685432
19121.484375	-125.445717
19207.617188	-126.187218
19293.750000	-124.349747
19379.882813	-123.344002
19466.015625	-124.936607
19552.148438	-127.591408
19638.281250	-128.610428
19724.414063	-130.669128
19810.546875	-130.576309
19896.679688	-130.855301
19982.812500	-130.228867
20068.945313	-128.925751
20155.078125	-129.885223
20241.210938	-130.061005
20327.343750	-130.507172
20413.476563	-131.834473
20499.609375	-133.341614
20585.742188	-133.949875
20671.875000	-134.289856
20758.007813	-136.425629
20844.140625	-137.849396
20930.273438	-139.424896
21016.406250	-140.963760
21102.539063	-140.790253
21188.671875	-141.867508
21274.804688	-144.281723
21360.937500	-145.440842
21447.070313	-145.564438
21533.203125	-146.827621
21619.335938	-148.908630
21705.468750	-151.129471
21791.601563	-152.021729
21877.734375	-152.564606
21963.867188	-155.054703
