Frequency (Hz)	Level (dB)
86.132813	-38.581390
172.265625	-42.824425
258.398438	-45.149895
344.531250	-47.602814
430.664063	-49.547623
516.796875	-50.978237
602.929688	-52.076157
689.062500	-53.177368
775.195313	-54.350811
861.328125	-55.548897
947.460938	-55.983185
1033.593750	-56.178001
1119.726563	-56.122299
1205.859375	-55.662395
1291.992188	-55.908039
1378.125000	-57.807507
1464.257813	-54.684742
1550.390625	-51.303307
1636.523438	-54.065071
1722.656250	-55.930340
1808.789063	-54.846798
1894.921875	-54.406818
1981.054688	-52.960323
2067.187500	-50.266205
2153.320313	-52.109756
2239.453125	-60.205509
2325.585938	-62.996563
2411.718750	-61.714325
2497.851563	-61.026463
2583.984375	-62.493725
2670.117188	-62.068340
2756.250000	-61.181156
2842.382813	-58.980572
2928.515625	-62.913830
3014.648438	-65.154175
3100.781250	-69.496536
3186.914063	-70.009071
3273.046875	-59.417980
3359.179688	-47.129955
3445.312500	-42.090046
3531.445313	-45.524380
3617.578125	-50.183968
3703.710938	-51.547638
3789.843750	-52.321571
3875.976563	-52.916092
3962.109375	-54.204971
4048.242188	-55.001492
4134.375000	-54.886402
4220.507813	-54.918041
4306.640625	-55.605057
4392.773438	-56.194599
4478.906250	-54.820011
4565.039063	-53.455669
4651.171875	-53.236576
4737.304688	-53.130993
4823.437500	-53.189667
4909.570313	-52.899822
4995.703125	-52.091160
5081.835938	-48.602222
5167.968750	-49.735329
5254.101563	-55.010567
5340.234375	-44.049088
5426.367188	-42.108963
5512.500000	-43.770069
5598.632813	-43.153053
5684.765625	-41.323879
5770.898438	-38.457951
5857.031250	-34.454117
5943.164063	-33.768810
6029.296875	-37.728062
6115.429688	-43.046162
6201.562500	-48.885323
6287.695313	-53.274296
6373.828125	-55.151211
6459.960938	-55.528484
6546.093750	-55.657726
6632.226563	-54.696793
6718.359375	-56.820789
6804.492188	-59.061451
6890.625000	-61.175148
6976.757813	-66.801559
7062.890625	-65.062096
7149.023438	-67.062813
7235.156250	-67.950851
7321.289063	-66.523186
7407.421875	-63.185459
7493.554688	-60.200150
7579.687500	-59.515240
7665.820313	-56.535213
7751.953125	-57.440063
7838.085938	-61.937256
7924.218750	-64.762405
8010.351563	-66.656410
8096.484375	-68.045265
8182.617188	-69.159203
8268.750000	-70.548157
8354.882813	-73.958244
8441.015625	-77.479759
8527.148438	-77.119995
8613.281250	-70.642830
8699.414063	-65.481277
8785.546875	-63.947697
8871.679688	-64.346306
8957.812500	-65.544632
9043.945313	-66.084541
9130.078125	-64.506554
9216.210938	-63.393028
9302.343750	-63.476192
9388.476563	-64.089058
9474.609375	-63.780170
9560.742188	-62.306927
9646.875000	-61.616344
9733.007813	-64.895454
9819.140625	-71.683304
9905.273438	-78.509537
9991.406250	-78.984398
10077.539063	-78.257233
10163.671875	-74.517532
10249.804688	-71.855934
10335.937500	-70.955139
10422.070313	-70.119133
10508.203125	-69.036781
10594.335938	-68.966438
10680.468750	-72.455864
10766.601563	-74.842026
10852.734375	-72.621521
10938.867188	-71.277679
11025.000000	-70.705154
11111.132813	-71.562798
11197.265625	-73.136253
11283.398438	-74.347870
11369.531250	-74.142822
11455.664063	-72.682983
11541.796875	-71.190262
11627.929688	-69.268326
11714.062500	-67.499901
11800.195313	-65.918350
11886.328125	-64.478882
11972.460938	-62.851208
12058.593750	-60.152977
12144.726563	-58.541931
12230.859375	-61.542019
12316.992188	-66.412529
12403.125000	-70.907288
12489.257813	-74.248405
12575.390625	-76.636826
12661.523438	-79.497299
12747.656250	-81.432739
12833.789063	-83.450974
12919.921875	-85.838577
13006.054688	-90.226128
13092.187500	-95.247566
13178.320313	-98.851501
13264.453125	-93.739418
13350.585938	-89.078766
13436.718750	-86.624847
13522.851563	-86.028641
13608.984375	-84.515717
13695.117188	-82.612885
13781.250000	-81.070297
13867.382813	-79.489044
13953.515625	-78.711639
14039.648438	-78.379372
14125.781250	-78.081856
14211.914063	-78.766441
14298.046875	-80.145134
14384.179688	-81.253555
14470.312500	-81.736122
14556.445313	-82.641998
14642.578125	-84.368439
14728.710938	-85.216148
14814.843750	-84.283295
14900.976563	-83.881012
14987.109375	-84.159164
15073.242188	-85.360420
15159.375000	-85.018806
15245.507813	-83.720261
15331.640625	-82.818146
15417.773438	-82.130760
15503.906250	-81.608604
15590.039063	-82.179611
15676.171875	-83.341400
15762.304688	-83.119194
15848.437500	-82.249725
15934.570313	-82.393547
16020.703125	-82.989105
16106.835938	-83.464645
16192.968750	-83.827080
16279.101563	-84.292809
16365.234375	-84.142471
16451.367188	-84.447853
16537.500000	-84.744682
16623.632813	-84.216553
16709.765625	-82.815353
16795.898438	-82.096016
16882.031250	-81.779694
16968.164063	-81.668907
17054.296875	-81.788757
17140.429688	-81.633430
17226.562500	-81.217255
17312.695313	-81.070938
17398.828125	-81.290375
17484.960938	-81.492058
17571.093750	-81.251465
17657.226563	-80.796326
17743.359375	-80.224167
17829.492188	-79.041870
17915.625000	-77.356033
18001.757813	-76.204544
18087.890625	-76.554726
18174.023438	-78.022018
18260.156250	-79.379547
18346.289063	-81.167572
18432.421875	-83.640228
18518.554688	-86.647804
18604.687500	-90.642723
18690.820313	-94.567810
18776.953125	-93.625351
18863.085938	-91.394730
18949.218750	-90.023972
19035.351563	-88.477890
19121.484375	-87.005493
19207.617188	-86.437981
19293.750000	-86.957741
19379.882813	-87.654236
19466.015625	-88.172333
19552.148438	-89.576736
19638.281250	-91.657265
19724.414063	-93.541733
19810.546875	-94.954445
19896.679688	-96.462616
19982.812500	-97.767868
20068.945313	-99.390457
20155.078125	-102.055260
20241.210938	-104.561813
20327.343750	-106.891144
20413.476563	-108.565079
20499.609375	-109.417442
20585.742188	-109.501091
20671.875000	-110.241371
20758.007813	-112.134323
20844.140625	-114.750122
20930.273438	-115.630661
21016.406250	-114.142952
21102.539063	-114.460625
21188.671875	-116.051094
21274.804688	-117.999207
21360.937500	-118.265923
21447.070313	-117.573029
21533.203125	-117.856178
21619.335938	-118.849670
21705.468750	-120.294350
21791.601563	-122.201073
21877.734375	-123.525322
21963.867188	-124.211884
