Frequency (Hz)	Level (dB)
86.132813	-53.589108
172.265625	-54.125618
258.398438	-57.962261
344.531250	-59.875652
430.664063	-61.335159
516.796875	-63.773743
602.929688	-64.900337
689.062500	-65.909889
775.195313	-62.622036
861.328125	-64.172493
947.460938	-70.860214
1033.593750	-70.983673
1119.726563	-62.393391
1205.859375	-60.718285
1291.992188	-64.071831
1378.125000	-63.386559
1464.257813	-55.576424
1550.390625	-53.962406
1636.523438	-56.936024
1722.656250	-63.316772
1808.789063	-68.055397
1894.921875	-63.969021
1981.054688	-50.525024
2067.187500	-44.428589
2153.320313	-45.676098
2239.453125	-52.952625
2325.585938	-61.566757
2411.718750	-62.786579
2497.851563	-60.904984
2583.984375	-59.914940
2670.117188	-58.443985
2756.250000	-52.443027
2842.382813	-48.333061
2928.515625	-52.809135
3014.648438	-61.413685
3100.781250	-63.975300
3186.914063	-67.295998
3273.046875	-66.054108
3359.179688	-62.621937
3445.312500	-54.198090
3531.445313	-51.625271
3617.578125	-49.111679
3703.710938	-51.471977
3789.843750	-60.141273
3875.976563	-62.353840
3962.109375	-62.979282
4048.242188	-59.930344
4134.375000	-58.545635
4220.507813	-61.967903
4306.640625	-60.355366
4392.773438	-54.418674
4478.906250	-51.601749
4565.039063	-50.868252
4651.171875	-53.490276
4737.304688	-56.057423
4823.437500	-57.975723
4909.570313	-59.203777
4995.703125	-59.659557
5081.835938	-58.417328
5167.968750	-56.194607
5254.101563	-55.666939
5340.234375	-50.727577
5426.367188	-52.611786
5512.500000	-60.392849
5598.632813	-63.140980
5684.765625	-64.423927
5770.898438	-63.825474
5857.031250	-63.352795
5943.164063	-65.936371
6029.296875	-69.973557
6115.429688	-71.250259
6201.562500	-71.081680
6287.695313	-72.647987
6373.828125	-70.118073
6459.960938	-73.673393
6546.093750	-81.560875
6632.226563	-80.787712
6718.359375	-79.590416
6804.492188	-74.852844
6890.625000	-70.621017
6976.757813	-70.346863
7062.890625	-70.587379
7149.023438	-66.041656
7235.156250	-64.876671
7321.289063	-67.613266
7407.421875	-63.033150
7493.554688	-58.248806
7579.687500	-58.336178
7665.820313	-58.730900
7751.953125	-63.002846
7838.085938	-62.655022
7924.218750	-62.948330
8010.351563	-64.950462
8096.484375	-65.928047
8182.617188	-64.453308
8268.750000	-60.510330
8354.882813	-58.190208
8441.015625	-57.384819
8527.148438	-55.912376
8613.281250	-57.499847
8699.414063	-57.571079
8785.546875	-59.052479
8871.679688	-61.533928
8957.812500	-64.788734
9043.945313	-66.403046
9130.078125	-66.322350
9216.210938	-67.905350
9302.343750	-70.350952
9388.476563	-70.370277
9474.609375	-69.008698
9560.742188	-67.435791
9646.875000	-66.832840
9733.007813	-67.782684
9819.140625	-71.396385
9905.273438	-77.308632
9991.406250	-79.225342
10077.539063	-76.594421
10163.671875	-75.463402
10249.804688	-78.627525
10335.937500	-81.486656
10422.070313	-79.997650
10508.203125	-75.059464
10594.335938	-72.791565
10680.468750	-74.402473
10766.601563	-75.092903
10852.734375	-74.460075
10938.867188	-76.876877
11025.000000	-83.086205
11111.132813	-86.022751
11197.265625	-83.837616
11283.398438	-82.046608
11369.531250	-81.543045
11455.664063	-78.528534
11541.796875	-77.696754
11627.929688	-79.424049
11714.062500	-78.111328
11800.195313	-76.500061
11886.328125	-73.868530
11972.460938	-70.359428
12058.593750	-68.807793
12144.726563	-71.209267
12230.859375	-76.127792
12316.992188	-81.448174
12403.125000	-83.358871
12489.257813	-81.365540
12575.390625	-81.456543
12661.523438	-83.465034
12747.656250	-82.980019
12833.789063	-84.187721
12919.921875	-83.410683
13006.054688	-86.249695
13092.187500	-90.627632
13178.320313	-91.049500
13264.453125	-89.927467
13350.585938	-88.552353
13436.718750	-89.355141
13522.851563	-89.876411
13608.984375	-88.727600
13695.117188	-84.752815
13781.250000	-80.949600
13867.382813	-78.810371
13953.515625	-78.346153
14039.648438	-77.443855
14125.781250	-76.021950
14211.914063	-77.033615
14298.046875	-80.127281
14384.179688	-81.897346
14470.312500	-82.393074
14556.445313	-83.398956
14642.578125	-85.545448
14728.710938	-84.376404
14814.843750	-81.012199
14900.976563	-79.762947
14987.109375	-79.436264
15073.242188	-78.485237
15159.375000	-78.354179
15245.507813	-80.993469
15331.640625	-81.755928
15417.773438	-82.324249
15503.906250	-82.078133
15590.039063	-82.970207
15676.171875	-83.772797
15762.304688	-81.873383
15848.437500	-80.777046
15934.570313	-80.333092
16020.703125	-81.558128
16106.835938	-84.169830
16192.968750	-87.683586
16279.101563	-96.773735
16365.234375	-92.791832
16451.367188	-87.760300
16537.500000	-88.849571
16623.632813	-89.382668
16709.765625	-90.085464
16795.898438	-89.233635
16882.031250	-87.843033
16968.164063	-87.660210
17054.296875	-87.662674
17140.429688	-86.814140
17226.562500	-85.252144
17312.695313	-84.216301
17398.828125	-84.918098
17484.960938	-85.152496
17571.093750	-85.090302
17657.226563	-86.678253
17743.359375	-87.206886
17829.492188	-86.861877
17915.625000	-85.790016
18001.757813	-84.713181
18087.890625	-86.517883
18174.023438	-89.742767
18260.156250	-93.279091
18346.289063	-95.330498
18432.421875	-93.462090
18518.554688	-90.171722
18604.687500	-87.224983
18690.820313	-85.530899
18776.953125	-83.184280
18863.085938	-81.672363
18949.218750	-80.841545
19035.351563	-80.098969
19121.484375	-79.901291
19207.617188	-81.074066
19293.750000	-82.618790
19379.882813	-84.446198
19466.015625	-85.830925
19552.148438	-87.612816
19638.281250	-89.489510
19724.414063	-90.062111
19810.546875	-91.547256
19896.679688	-94.918144
19982.812500	-97.937508
20068.945313	-100.334991
20155.078125	-102.787369
20241.210938	-105.764893
20327.343750	-105.593071
20413.476563	-105.486214
20499.609375	-106.509964
20585.742188	-106.917755
20671.875000	-107.604073
20758.007813	-109.246452
20844.140625	-111.489731
20930.273438	-112.550186
21016.406250	-114.092110
21102.539063	-111.358078
21188.671875	-111.189240
21274.804688	-115.025124
21360.937500	-118.358658
21447.070313	-117.091888
21533.203125	-116.522758
21619.335938	-120.164619
21705.468750	-123.583023
21791.601563	-124.856163
21877.734375	-127.828766
21963.867188	-127.934181
