Frequency (Hz)	Level (dB)
86.132813	-61.594666
172.265625	-60.861675
258.398438	-62.883183
344.531250	-64.565552
430.664063	-66.298729
516.796875	-68.307289
602.929688	-70.425369
689.062500	-72.297943
775.195313	-73.946968
861.328125	-68.360619
947.460938	-65.806587
1033.593750	-68.661491
1119.726563	-69.979126
1205.859375	-67.405403
1291.992188	-66.262367
1378.125000	-61.212879
1464.257813	-60.451485
1550.390625	-64.772911
1636.523438	-66.545570
1722.656250	-65.414177
1808.789063	-64.516754
1894.921875	-64.768394
1981.054688	-61.096840
2067.187500	-61.185631
2153.320313	-64.219704
2239.453125	-67.599899
2325.585938	-72.598511
2411.718750	-71.348602
2497.851563	-68.440155
2583.984375	-64.133209
2670.117188	-59.813637
2756.250000	-63.862514
2842.382813	-73.373344
2928.515625	-80.032059
3014.648438	-85.320343
3100.781250	-84.597198
3186.914063	-83.487221
3273.046875	-90.439423
3359.179688	-84.737587
3445.312500	-74.564217
3531.445313	-71.929993
3617.578125	-78.313927
3703.710938	-83.788643
3789.843750	-82.336441
3875.976563	-83.914261
3962.109375	-81.603134
4048.242188	-81.225410
4134.375000	-89.002739
4220.507813	-80.042397
4306.640625	-78.187126
4392.773438	-80.482880
4478.906250	-83.124184
4565.039063	-88.989258
4651.171875	-87.498184
4737.304688	-89.012466
4823.437500	-88.403000
4909.570313	-82.151535
4995.703125	-75.134499
5081.835938	-71.863602
5167.968750	-74.677956
5254.101563	-81.091507
5340.234375	-77.854263
5426.367188	-73.526527
5512.500000	-75.069817
5598.632813	-77.392548
5684.765625	-77.017593
5770.898438	-74.470665
5857.031250	-70.234543
5943.164063	-63.621471
6029.296875	-63.208141
6115.429688	-70.406357
6201.562500	-76.562462
6287.695313	-82.756950
6373.828125	-84.752815
6459.960938	-85.426865
6546.093750	-87.896706
6632.226563	-89.501587
6718.359375	-89.895706
6804.492188	-94.772980
6890.625000	-98.565834
6976.757813	-94.678520
7062.890625	-91.811546
7149.023438	-88.998428
7235.156250	-88.057167
7321.289063	-89.991173
7407.421875	-88.892456
7493.554688	-86.264404
7579.687500	-83.214607
7665.820313	-85.569519
7751.953125	-87.249367
7838.085938	-90.404366
7924.218750	-94.555923
8010.351563	-95.205696
8096.484375	-90.094833
8182.617188	-88.104889
8268.750000	-88.016136
8354.882813	-88.138855
8441.015625	-91.796501
8527.148438	-93.447571
8613.281250	-92.616180
8699.414063	-90.934082
8785.546875	-93.091377
8871.679688	-98.753067
8957.812500	-91.829796
9043.945313	-89.571274
9130.078125	-85.717392
9216.210938	-84.986664
9302.343750	-87.619392
9388.476563	-91.159485
9474.609375	-91.417740
9560.742188	-90.753136
9646.875000	-94.194008
9733.007813	-95.134956
9819.140625	-95.401932
9905.273438	-98.872162
9991.406250	-99.764435
10077.539063	-98.218567
10163.671875	-96.892967
10249.804688	-96.951141
10335.937500	-95.705673
10422.070313	-93.728661
10508.203125	-93.396698
10594.335938	-88.507889
10680.468750	-86.307762
10766.601563	-89.205338
10852.734375	-90.694382
10938.867188	-91.624802
11025.000000	-93.511002
11111.132813	-93.172668
11197.265625	-92.949852
11283.398438	-93.580086
11369.531250	-92.328156
11455.664063	-90.660858
11541.796875	-91.361290
11627.929688	-99.109947
11714.062500	-89.590225
11800.195313	-87.945557
11886.328125	-84.001221
11972.460938	-82.334084
12058.593750	-84.067337
12144.726563	-83.493240
12230.859375	-82.207718
12316.992188	-85.240494
12403.125000	-86.703720
12489.257813	-87.873985
12575.390625	-89.946671
12661.523438	-91.116966
12747.656250	-92.437485
12833.789063	-94.271088
12919.921875	-96.798195
13006.054688	-98.357819
13092.187500	-98.643837
13178.320313	-99.295647
13264.453125	-100.388184
13350.585938	-100.251228
13436.718750	-99.239113
13522.851563	-98.210464
13608.984375	-98.367920
13695.117188	-99.995514
13781.250000	-101.387314
13867.382813	-102.387444
13953.515625	-104.296875
14039.648438	-106.954216
14125.781250	-106.685745
14211.914063	-106.567406
14298.046875	-106.108810
14384.179688	-104.959511
14470.312500	-105.138191
14556.445313	-105.124245
14642.578125	-106.502991
14728.710938	-107.309235
14814.843750	-107.499893
14900.976563	-108.210632
14987.109375	-107.290207
15073.242188	-105.660202
15159.375000	-103.670090
15245.507813	-101.925072
15331.640625	-100.913773
15417.773438	-100.235504
15503.906250	-98.807083
15590.039063	-96.723297
15676.171875	-95.380661
15762.304688	-94.472725
15848.437500	-94.974121
15934.570313	-97.266098
16020.703125	-101.128929
16106.835938	-105.002220
16192.968750	-109.580673
16279.101563	-116.400764
16365.234375	-117.687538
16451.367188	-116.570457
16537.500000	-117.658478
16623.632813	-121.555122
16709.765625	-122.783562
16795.898438	-122.502670
16882.031250	-122.943291
16968.164063	-122.655472
17054.296875	-121.333260
17140.429688	-120.390594
17226.562500	-119.728210
17312.695313	-119.091629
17398.828125	-121.739624
17484.960938	-122.637642
17571.093750	-123.364647
17657.226563	-123.222008
17743.359375	-122.307228
17829.492188	-122.311729
17915.625000	-122.737579
18001.757813	-120.533607
18087.890625	-118.999969
18174.023438	-118.074043
18260.156250	-119.151703
18346.289063	-120.565567
18432.421875	-123.906639
18518.554688	-125.348602
18604.687500	-126.001305
18690.820313	-126.516655
18776.953125	-127.649239
18863.085938	-127.408325
18949.218750	-126.331863
19035.351563	-126.676514
19121.484375	-127.132271
19207.617188	-127.631279
19293.750000	-126.351074
19379.882813	-128.075256
19466.015625	-129.557419
19552.148438	-130.274490
19638.281250	-130.815506
19724.414063	-131.904572
19810.546875	-132.018265
19896.679688	-132.831238
19982.812500	-133.401337
20068.945313	-133.629868
20155.078125	-134.852295
20241.210938	-135.844406
20327.343750	-135.713959
20413.476563	-136.687180
20499.609375	-137.012817
20585.742188	-137.819275
20671.875000	-138.913666
20758.007813	-140.150803
20844.140625	-140.256027
20930.273438	-141.265549
21016.406250	-143.483948
21102.539063	-143.773529
21188.671875	-145.551697
21274.804688	-148.179626
21360.937500	-149.365356
21447.070313	-150.966904
21533.203125	-152.688324
21619.335938	-153.094574
21705.468750	-154.255234
21791.601563	-156.226120
21877.734375	-158.358521
21963.867188	-159.830933
