Frequency (Hz)	Level (dB)
86.132813	-57.660992
172.265625	-58.288177
258.398438	-62.892494
344.531250	-61.892803
430.664063	-64.754990
516.796875	-66.297272
602.929688	-64.938431
689.062500	-64.269447
775.195313	-64.297630
861.328125	-61.396336
947.460938	-58.996578
1033.593750	-63.939964
1119.726563	-64.602768
1205.859375	-59.126274
1291.992188	-60.431328
1378.125000	-54.090382
1464.257813	-51.121162
1550.390625	-54.709679
1636.523438	-62.800915
1722.656250	-57.950802
1808.789063	-55.152679
1894.921875	-61.630100
1981.054688	-56.450058
2067.187500	-51.611221
2153.320313	-53.188835
2239.453125	-59.762939
2325.585938	-65.637077
2411.718750	-70.702759
2497.851563	-71.458008
2583.984375	-72.941322
2670.117188	-70.946281
2756.250000	-69.542267
2842.382813	-68.065025
2928.515625	-67.447945
3014.648438	-68.089508
3100.781250	-70.398621
3186.914063	-70.030952
3273.046875	-67.155525
3359.179688	-65.089287
3445.312500	-55.632252
3531.445313	-55.384724
3617.578125	-64.885895
3703.710938	-77.302368
3789.843750	-70.937714
3875.976563	-65.411232
3962.109375	-62.829708
4048.242188	-61.792645
4134.375000	-63.656296
4220.507813	-67.129646
4306.640625	-68.289864
4392.773438	-72.791069
4478.906250	-73.817642
4565.039063	-73.239288
4651.171875	-74.071831
4737.304688	-71.460861
4823.437500	-66.439125
4909.570313	-65.660385
4995.703125	-64.479347
5081.835938	-63.523811
5167.968750	-57.810242
5254.101563	-57.037224
5340.234375	-61.890125
5426.367188	-54.651825
5512.500000	-56.436298
5598.632813	-64.955795
5684.765625	-67.122246
5770.898438	-69.054001
5857.031250	-60.452362
5943.164063	-55.609455
6029.296875	-57.047909
6115.429688	-63.955879
6201.562500	-64.873978
6287.695313	-68.800491
6373.828125	-71.319145
6459.960938	-75.059326
6546.093750	-75.290749
6632.226563	-72.433052
6718.359375	-73.245316
6804.492188	-71.384567
6890.625000	-69.606369
6976.757813	-71.103798
7062.890625	-66.276848
7149.023438	-65.968475
7235.156250	-70.869850
7321.289063	-69.500748
7407.421875	-67.958687
7493.554688	-68.860413
7579.687500	-65.345947
7665.820313	-58.646492
7751.953125	-55.910431
7838.085938	-59.013893
7924.218750	-62.632084
8010.351563	-59.596375
8096.484375	-55.472099
8182.617188	-54.572765
8268.750000	-57.610046
8354.882813	-58.549072
8441.015625	-59.456375
8527.148438	-62.388306
8613.281250	-69.352325
8699.414063	-70.674965
8785.546875	-69.270271
8871.679688	-67.999832
8957.812500	-68.490570
9043.945313	-70.588928
9130.078125	-72.074318
9216.210938	-70.863556
9302.343750	-72.775970
9388.476563	-76.913719
9474.609375	-78.851730
9560.742188	-70.375465
9646.875000	-68.017464
9733.007813	-71.128868
9819.140625	-76.269569
9905.273438	-76.665138
9991.406250	-76.662186
10077.539063	-78.832695
10163.671875	-77.769661
10249.804688	-77.639038
10335.937500	-75.456512
10422.070313	-73.755341
10508.203125	-72.302063
10594.335938	-71.590508
10680.468750	-71.168045
10766.601563	-69.706360
10852.734375	-70.380249
10938.867188	-77.682175
11025.000000	-81.263344
11111.132813	-77.644707
11197.265625	-75.441849
11283.398438	-74.978462
11369.531250	-72.770454
11455.664063	-70.291443
11541.796875	-69.345566
11627.929688	-69.709084
11714.062500	-73.558838
11800.195313	-75.580002
11886.328125	-72.106300
11972.460938	-69.422783
12058.593750	-68.283096
12144.726563	-68.839081
12230.859375	-70.093811
12316.992188	-72.731918
12403.125000	-74.405556
12489.257813	-72.867165
12575.390625	-71.997528
12661.523438	-73.310677
12747.656250	-76.295845
12833.789063	-77.382103
12919.921875	-80.721260
13006.054688	-80.661079
13092.187500	-78.057556
13178.320313	-77.261902
13264.453125	-80.341011
13350.585938	-88.398499
13436.718750	-85.219162
13522.851563	-82.044632
13608.984375	-81.383720
13695.117188	-84.282600
13781.250000	-83.484253
13867.382813	-83.315521
13953.515625	-87.913689
14039.648438	-89.969292
14125.781250	-85.538528
14211.914063	-86.133347
14298.046875	-86.091110
14384.179688	-84.979958
14470.312500	-88.345490
14556.445313	-85.137367
14642.578125	-87.289345
14728.710938	-86.029724
14814.843750	-83.458847
14900.976563	-82.118927
14987.109375	-84.676003
15073.242188	-90.538307
15159.375000	-90.714684
15245.507813	-94.707504
15331.640625	-91.657417
15417.773438	-89.676643
15503.906250	-92.180893
15590.039063	-84.358116
15676.171875	-86.191536
15762.304688	-86.972786
15848.437500	-85.406174
15934.570313	-87.131241
16020.703125	-82.345139
16106.835938	-80.859024
16192.968750	-80.776115
16279.101563	-84.529495
16365.234375	-89.801453
16451.367188	-88.198662
16537.500000	-87.366913
16623.632813	-83.509964
16709.765625	-83.610252
16795.898438	-85.954170
16882.031250	-91.034691
16968.164063	-91.333382
17054.296875	-92.528503
17140.429688	-94.087784
17226.562500	-92.120468
17312.695313	-88.664886
17398.828125	-87.146317
17484.960938	-89.160416
17571.093750	-89.877190
17657.226563	-91.342445
17743.359375	-87.893265
17829.492188	-90.747398
17915.625000	-89.746742
18001.757813	-86.328453
18087.890625	-83.608589
18174.023438	-84.395241
18260.156250	-92.895287
18346.289063	-96.289673
18432.421875	-93.423233
18518.554688	-92.536514
18604.687500	-93.841728
18690.820313	-98.651436
18776.953125	-98.747604
18863.085938	-92.448013
18949.218750	-90.908218
19035.351563	-92.154755
19121.484375	-93.950035
19207.617188	-98.120895
19293.750000	-89.452499
19379.882813	-88.877205
19466.015625	-96.908211
19552.148438	-96.449509
19638.281250	-95.410187
19724.414063	-93.957054
19810.546875	-91.625847
19896.679688	-92.849663
19982.812500	-97.617607
20068.945313	-109.721359
20155.078125	-101.819962
20241.210938	-101.997902
20327.343750	-106.379074
20413.476563	-111.739655
20499.609375	-114.042740
20585.742188	-111.594910
20671.875000	-109.142128
20758.007813	-112.712250
20844.140625	-116.937073
20930.273438	-125.307770
21016.406250	-118.683487
21102.539063	-114.699547
21188.671875	-115.605576
21274.804688	-117.904648
21360.937500	-124.655525
21447.070313	-123.514450
21533.203125	-121.224785
21619.335938	-123.152611
21705.468750	-128.147705
21791.601563	-128.739990
21877.734375	-123.466667
21963.867188	-124.680489
