Frequency (Hz)	Level (dB)
86.132813	-61.721752
172.265625	-59.385963
258.398438	-60.678684
344.531250	-63.245140
430.664063	-65.522369
516.796875	-66.478302
602.929688	-67.637459
689.062500	-69.146957
775.195313	-70.773514
861.328125	-73.059494
947.460938	-72.092064
1033.593750	-74.470657
1119.726563	-73.416756
1205.859375	-71.276825
1291.992188	-69.348106
1378.125000	-69.803856
1464.257813	-74.568375
1550.390625	-71.911499
1636.523438	-70.073318
1722.656250	-70.942650
1808.789063	-72.531380
1894.921875	-70.171577
1981.054688	-70.153381
2067.187500	-66.956764
2153.320313	-68.217567
2239.453125	-72.805168
2325.585938	-76.079376
2411.718750	-75.064034
2497.851563	-71.303795
2583.984375	-70.621834
2670.117188	-70.180649
2756.250000	-70.027168
2842.382813	-72.305061
2928.515625	-75.827797
3014.648438	-75.740639
3100.781250	-71.801750
3186.914063	-67.528557
3273.046875	-69.442802
3359.179688	-71.665237
3445.312500	-71.230370
3531.445313	-70.440048
3617.578125	-73.049187
3703.710938	-72.719246
3789.843750	-72.989159
3875.976563	-68.298859
3962.109375	-62.432301
4048.242188	-63.370625
4134.375000	-64.309692
4220.507813	-65.202202
4306.640625	-68.467148
4392.773438	-71.726540
4478.906250	-75.201408
4565.039063	-78.025558
4651.171875	-76.211441
4737.304688	-77.668724
4823.437500	-76.637024
4909.570313	-74.663414
4995.703125	-73.511551
5081.835938	-72.801292
5167.968750	-75.505630
5254.101563	-73.920219
5340.234375	-71.488968
5426.367188	-69.490334
5512.500000	-68.817444
5598.632813	-69.288719
5684.765625	-64.852264
5770.898438	-62.313286
5857.031250	-59.063366
5943.164063	-49.876942
6029.296875	-48.823986
6115.429688	-56.624672
6201.562500	-65.009140
6287.695313	-69.451439
6373.828125	-73.624939
6459.960938	-73.164078
6546.093750	-78.201370
6632.226563	-80.888474
6718.359375	-87.002846
6804.492188	-91.039627
6890.625000	-90.595871
6976.757813	-87.093819
7062.890625	-84.793427
7149.023438	-81.403236
7235.156250	-80.706268
7321.289063	-75.508614
7407.421875	-74.838875
7493.554688	-80.466690
7579.687500	-80.016403
7665.820313	-82.062149
7751.953125	-80.376892
7838.085938	-77.439575
7924.218750	-76.035698
8010.351563	-75.890129
8096.484375	-78.609673
8182.617188	-83.230499
8268.750000	-83.603760
8354.882813	-82.278969
8441.015625	-82.379837
8527.148438	-83.601906
8613.281250	-81.391472
8699.414063	-83.846169
8785.546875	-89.150208
8871.679688	-83.672379
8957.812500	-79.603943
9043.945313	-78.612030
9130.078125	-78.071739
9216.210938	-78.514809
9302.343750	-79.611916
9388.476563	-82.216148
9474.609375	-89.111755
9560.742188	-91.954010
9646.875000	-90.702461
9733.007813	-87.048790
9819.140625	-85.079330
9905.273438	-85.877258
9991.406250	-89.409599
10077.539063	-95.302582
10163.671875	-93.148689
10249.804688	-89.755379
10335.937500	-81.918877
10422.070313	-76.112160
10508.203125	-74.940727
10594.335938	-71.592468
10680.468750	-69.686638
10766.601563	-73.547813
10852.734375	-80.541710
10938.867188	-81.945457
11025.000000	-84.034210
11111.132813	-87.271164
11197.265625	-85.203979
11283.398438	-82.269821
11369.531250	-83.432426
11455.664063	-87.833015
11541.796875	-85.888641
11627.929688	-85.352089
11714.062500	-86.140678
11800.195313	-83.184555
11886.328125	-78.275970
11972.460938	-73.228996
12058.593750	-71.668190
12144.726563	-68.726791
12230.859375	-69.776985
12316.992188	-77.981674
12403.125000	-86.283478
12489.257813	-84.265320
12575.390625	-84.829430
12661.523438	-87.003479
12747.656250	-91.150925
12833.789063	-92.786407
12919.921875	-94.772408
13006.054688	-95.552933
13092.187500	-94.799454
13178.320313	-96.715981
13264.453125	-96.800613
13350.585938	-96.364334
13436.718750	-92.015221
13522.851563	-89.760132
13608.984375	-90.344398
13695.117188	-91.806198
13781.250000	-92.142250
13867.382813	-92.758400
13953.515625	-93.459892
14039.648438	-93.360069
14125.781250	-92.731979
14211.914063	-92.098373
14298.046875	-91.555710
14384.179688	-91.361725
14470.312500	-92.908073
14556.445313	-93.722610
14642.578125	-95.105171
14728.710938	-95.556465
14814.843750	-94.378395
14900.976563	-92.668022
14987.109375	-94.076088
15073.242188	-92.397873
15159.375000	-89.935493
15245.507813	-87.825729
15331.640625	-86.717140
15417.773438	-86.885216
15503.906250	-86.066048
15590.039063	-84.045021
15676.171875	-81.826317
15762.304688	-79.698738
15848.437500	-79.558441
15934.570313	-81.635132
16020.703125	-84.765373
16106.835938	-87.857613
16192.968750	-90.597435
16279.101563	-92.157539
16365.234375	-93.262764
16451.367188	-94.604530
16537.500000	-96.281067
16623.632813	-97.798035
16709.765625	-99.467506
16795.898438	-101.446175
16882.031250	-102.517967
16968.164063	-103.542725
17054.296875	-104.134644
17140.429688	-103.203217
17226.562500	-101.807251
17312.695313	-100.809593
17398.828125	-101.223984
17484.960938	-101.858078
17571.093750	-102.115028
17657.226563	-102.748741
17743.359375	-103.019089
17829.492188	-102.891518
17915.625000	-103.359978
18001.757813	-103.110954
18087.890625	-103.093262
18174.023438	-104.778236
18260.156250	-107.473785
18346.289063	-109.337242
18432.421875	-109.382835
18518.554688	-108.717690
18604.687500	-107.765572
18690.820313	-107.504021
18776.953125	-107.349129
18863.085938	-107.579414
18949.218750	-110.091759
19035.351563	-113.863976
19121.484375	-115.122276
19207.617188	-116.145493
19293.750000	-116.164261
19379.882813	-116.695686
19466.015625	-117.020935
19552.148438	-120.391632
19638.281250	-122.709602
19724.414063	-124.991501
19810.546875	-128.224030
19896.679688	-130.570374
19982.812500	-130.136490
20068.945313	-131.808044
20155.078125	-130.982056
20241.210938	-131.424515
20327.343750	-133.960129
20413.476563	-135.508286
20499.609375	-135.318710
20585.742188	-136.603546
20671.875000	-139.607147
20758.007813	-140.535431
20844.140625	-139.499329
20930.273438	-140.387909
21016.406250	-141.431107
21102.539063	-141.740112
21188.671875	-140.440323
21274.804688	-142.238983
21360.937500	-144.733215
21447.070313	-147.338074
21533.203125	-149.670258
21619.335938	-150.826172
21705.468750	-152.356064
21791.601563	-153.761475
21877.734375	-156.193192
21963.867188	-157.987244
