Frequency (Hz)	Level (dB)
86.132813	-52.950249
172.265625	-54.374847
258.398438	-57.782219
344.531250	-59.240211
430.664063	-60.207802
516.796875	-60.022835
602.929688	-60.392788
689.062500	-61.780499
775.195313	-63.017960
861.328125	-65.057755
947.460938	-66.740326
1033.593750	-67.661102
1119.726563	-65.978264
1205.859375	-62.563625
1291.992188	-60.583511
1378.125000	-59.001266
1464.257813	-59.098930
1550.390625	-66.879646
1636.523438	-64.464508
1722.656250	-63.812576
1808.789063	-60.762794
1894.921875	-62.576580
1981.054688	-59.007378
2067.187500	-56.111198
2153.320313	-58.353268
2239.453125	-63.287605
2325.585938	-63.580246
2411.718750	-60.930466
2497.851563	-59.324524
2583.984375	-59.882088
2670.117188	-60.224258
2756.250000	-61.254608
2842.382813	-64.597206
2928.515625	-64.444115
3014.648438	-65.891975
3100.781250	-63.469940
3186.914063	-59.097965
3273.046875	-59.328915
3359.179688	-58.893772
3445.312500	-54.020699
3531.445313	-54.629654
3617.578125	-63.824581
3703.710938	-69.558708
3789.843750	-71.418678
3875.976563	-64.848145
3962.109375	-62.211922
4048.242188	-63.006981
4134.375000	-64.734169
4220.507813	-61.950665
4306.640625	-59.697460
4392.773438	-56.246597
4478.906250	-55.006725
4565.039063	-61.327309
4651.171875	-67.724907
4737.304688	-70.175026
4823.437500	-65.871399
4909.570313	-64.712814
4995.703125	-61.287926
5081.835938	-55.762115
5167.968750	-53.711884
5254.101563	-55.746918
5340.234375	-54.357407
5426.367188	-50.536880
5512.500000	-52.848690
5598.632813	-57.519222
5684.765625	-61.840080
5770.898438	-66.809135
5857.031250	-58.867397
5943.164063	-49.023190
6029.296875	-47.529137
6115.429688	-54.376717
6201.562500	-59.172783
6287.695313	-61.050694
6373.828125	-60.817741
6459.960938	-62.390339
6546.093750	-67.251251
6632.226563	-70.441170
6718.359375	-70.147003
6804.492188	-69.559509
6890.625000	-66.975540
6976.757813	-67.021538
7062.890625	-67.698418
7149.023438	-67.201973
7235.156250	-66.689751
7321.289063	-66.544823
7407.421875	-67.547150
7493.554688	-67.366966
7579.687500	-67.463974
7665.820313	-68.965675
7751.953125	-72.545364
7838.085938	-78.124016
7924.218750	-80.553970
8010.351563	-83.669540
8096.484375	-80.786514
8182.617188	-76.679985
8268.750000	-70.736099
8354.882813	-71.551666
8441.015625	-75.886543
8527.148438	-78.805962
8613.281250	-76.687187
8699.414063	-73.898476
8785.546875	-73.374535
8871.679688	-71.974884
8957.812500	-72.206032
9043.945313	-70.504288
9130.078125	-69.385551
9216.210938	-66.548500
9302.343750	-63.844913
9388.476563	-64.628555
9474.609375	-66.420715
9560.742188	-68.768318
9646.875000	-71.600731
9733.007813	-70.606895
9819.140625	-68.852936
9905.273438	-70.925453
9991.406250	-73.885925
10077.539063	-76.597908
10163.671875	-76.941315
10249.804688	-78.449203
10335.937500	-79.316299
10422.070313	-77.303612
10508.203125	-74.887161
10594.335938	-71.842087
10680.468750	-69.277275
10766.601563	-68.693909
10852.734375	-70.246231
10938.867188	-73.367378
11025.000000	-77.001755
11111.132813	-77.849541
11197.265625	-77.407211
11283.398438	-77.962204
11369.531250	-75.783073
11455.664063	-71.124413
11541.796875	-74.206718
11627.929688	-72.760201
11714.062500	-70.445290
11800.195313	-70.507294
11886.328125	-72.429558
11972.460938	-70.891777
12058.593750	-70.447830
12144.726563	-69.180122
12230.859375	-68.555984
12316.992188	-72.102379
12403.125000	-73.736496
12489.257813	-75.869553
12575.390625	-77.313332
12661.523438	-78.713295
12747.656250	-78.531898
12833.789063	-81.499313
12919.921875	-85.911842
13006.054688	-84.364853
13092.187500	-82.870651
13178.320313	-81.905212
13264.453125	-81.374664
13350.585938	-80.838005
13436.718750	-79.843307
13522.851563	-81.149986
13608.984375	-83.210083
13695.117188	-82.515297
13781.250000	-82.816429
13867.382813	-84.136032
13953.515625	-84.924988
14039.648438	-87.335960
14125.781250	-87.455986
14211.914063	-86.046631
14298.046875	-82.973778
14384.179688	-81.718277
14470.312500	-82.618858
14556.445313	-80.577156
14642.578125	-80.163200
14728.710938	-82.062599
14814.843750	-82.188187
14900.976563	-84.769310
14987.109375	-86.371727
15073.242188	-85.327721
15159.375000	-83.147652
15245.507813	-82.228676
15331.640625	-81.547707
15417.773438	-81.664993
15503.906250	-83.538506
15590.039063	-83.485764
15676.171875	-82.540627
15762.304688	-81.805107
15848.437500	-82.059090
15934.570313	-84.517647
16020.703125	-88.823410
16106.835938	-89.377258
16192.968750	-86.254700
16279.101563	-85.478401
16365.234375	-86.678055
16451.367188	-87.789993
16537.500000	-89.117706
16623.632813	-91.274788
16709.765625	-91.840973
16795.898438	-90.681633
16882.031250	-91.711220
16968.164063	-94.007797
17054.296875	-91.441956
17140.429688	-88.429321
17226.562500	-85.765839
17312.695313	-84.761940
17398.828125	-83.585075
17484.960938	-83.636551
17571.093750	-87.043282
17657.226563	-91.085297
17743.359375	-89.350418
17829.492188	-87.871399
17915.625000	-86.868454
18001.757813	-85.049950
18087.890625	-81.180557
18174.023438	-79.035866
18260.156250	-81.505028
18346.289063	-85.563614
18432.421875	-84.670494
18518.554688	-82.338646
18604.687500	-81.688927
18690.820313	-82.046539
18776.953125	-81.975380
18863.085938	-81.761887
18949.218750	-80.623055
19035.351563	-79.669075
19121.484375	-79.728325
19207.617188	-80.245354
19293.750000	-81.093880
19379.882813	-82.479713
19466.015625	-83.605934
19552.148438	-86.281921
19638.281250	-90.113937
19724.414063	-95.146721
19810.546875	-96.535873
19896.679688	-96.871536
19982.812500	-101.169235
20068.945313	-103.846931
20155.078125	-101.900314
20241.210938	-100.337563
20327.343750	-100.030510
20413.476563	-101.242722
20499.609375	-101.964249
20585.742188	-100.694687
20671.875000	-101.895317
20758.007813	-105.301140
20844.140625	-107.636787
20930.273438	-107.432404
21016.406250	-107.933617
21102.539063	-106.595192
21188.671875	-108.679337
21274.804688	-108.168564
21360.937500	-109.575203
21447.070313	-113.500420
21533.203125	-117.072243
21619.335938	-120.643448
21705.468750	-121.862495
21791.601563	-125.855461
21877.734375	-132.445068
21963.867188	-131.673660
