Frequency (Hz)	Level (dB)
86.132813	-54.068237
172.265625	-54.838234
258.398438	-58.519840
344.531250	-63.655006
430.664063	-63.418762
516.796875	-60.631779
602.929688	-60.895699
689.062500	-62.063976
775.195313	-61.933754
861.328125	-61.178566
947.460938	-58.550320
1033.593750	-57.000008
1119.726563	-56.946857
1205.859375	-56.323906
1291.992188	-55.410004
1378.125000	-55.997490
1464.257813	-58.150364
1550.390625	-61.575508
1636.523438	-66.850182
1722.656250	-63.086632
1808.789063	-62.167370
1894.921875	-64.718719
1981.054688	-63.493229
2067.187500	-64.458366
2153.320313	-55.789257
2239.453125	-48.847618
2325.585938	-52.663803
2411.718750	-68.570122
2497.851563	-59.004829
2583.984375	-57.442661
2670.117188	-59.071789
2756.250000	-58.611366
2842.382813	-57.744606
2928.515625	-57.899414
3014.648438	-60.457512
3100.781250	-62.144764
3186.914063	-59.976192
3273.046875	-59.535519
3359.179688	-61.401337
3445.312500	-63.124294
3531.445313	-62.700821
3617.578125	-58.844975
3703.710938	-54.135780
3789.843750	-54.043896
3875.976563	-53.787960
3962.109375	-49.028225
4048.242188	-46.227787
4134.375000	-46.261871
4220.507813	-44.469501
4306.640625	-44.179066
4392.773438	-48.651268
4478.906250	-55.430832
4565.039063	-59.527905
4651.171875	-65.423401
4737.304688	-59.507519
4823.437500	-54.489033
4909.570313	-53.925228
4995.703125	-54.321712
5081.835938	-48.630257
5167.968750	-43.573757
5254.101563	-44.546333
5340.234375	-51.886471
5426.367188	-58.532333
5512.500000	-67.543411
5598.632813	-61.654198
5684.765625	-57.802376
5770.898438	-60.021118
5857.031250	-66.021904
5943.164063	-58.394058
6029.296875	-56.786434
6115.429688	-53.290085
6201.562500	-50.399734
6287.695313	-49.359753
6373.828125	-48.722496
6459.960938	-51.671898
6546.093750	-59.932652
6632.226563	-67.843216
6718.359375	-68.202545
6804.492188	-66.813606
6890.625000	-64.095726
6976.757813	-61.197197
7062.890625	-57.786545
7149.023438	-56.656948
7235.156250	-56.558537
7321.289063	-57.399475
7407.421875	-61.526402
7493.554688	-61.606617
7579.687500	-65.842712
7665.820313	-63.710693
7751.953125	-58.427723
7838.085938	-55.786053
7924.218750	-56.266708
8010.351563	-60.819366
8096.484375	-65.553726
8182.617188	-69.234100
8268.750000	-75.516937
8354.882813	-80.871460
8441.015625	-80.313560
8527.148438	-85.040291
8613.281250	-74.555557
8699.414063	-67.312775
8785.546875	-64.478386
8871.679688	-66.525414
8957.812500	-73.080948
9043.945313	-74.512817
9130.078125	-63.711941
9216.210938	-60.403770
9302.343750	-61.623405
9388.476563	-68.665886
9474.609375	-73.397041
9560.742188	-66.183746
9646.875000	-66.137985
9733.007813	-68.158997
9819.140625	-69.666748
9905.273438	-71.227211
9991.406250	-74.317207
10077.539063	-74.605003
10163.671875	-73.389961
10249.804688	-74.160027
10335.937500	-71.503731
10422.070313	-69.644012
10508.203125	-67.214241
10594.335938	-59.747269
10680.468750	-55.214142
10766.601563	-55.708927
10852.734375	-60.380913
10938.867188	-64.733551
11025.000000	-68.005989
11111.132813	-69.312202
11197.265625	-68.699150
11283.398438	-69.011581
11369.531250	-70.564354
11455.664063	-71.970543
11541.796875	-74.100868
11627.929688	-78.216026
11714.062500	-68.066002
11800.195313	-63.336636
11886.328125	-61.719521
11972.460938	-61.684296
12058.593750	-62.336926
12144.726563	-64.606461
12230.859375	-68.609077
12316.992188	-73.367432
12403.125000	-77.986977
12489.257813	-79.753517
12575.390625	-78.088570
12661.523438	-75.231087
12747.656250	-74.622063
12833.789063	-74.693817
12919.921875	-74.189835
13006.054688	-74.328796
13092.187500	-75.950294
13178.320313	-77.907265
13264.453125	-77.670265
13350.585938	-78.350227
13436.718750	-82.932037
13522.851563	-92.491241
13608.984375	-93.518036
13695.117188	-90.553452
13781.250000	-89.107407
13867.382813	-88.328598
13953.515625	-84.421776
14039.648438	-80.238678
14125.781250	-79.770660
14211.914063	-80.712326
14298.046875	-80.393372
14384.179688	-80.044685
14470.312500	-80.771301
14556.445313	-84.262192
14642.578125	-84.682251
14728.710938	-83.142624
14814.843750	-83.826691
14900.976563	-83.455070
14987.109375	-83.031647
15073.242188	-89.788490
15159.375000	-85.991623
15245.507813	-80.507553
15331.640625	-78.880188
15417.773438	-78.009964
15503.906250	-79.244904
15590.039063	-78.204025
15676.171875	-75.621574
15762.304688	-72.274498
15848.437500	-71.400177
15934.570313	-73.819191
16020.703125	-76.530205
16106.835938	-78.081627
16192.968750	-77.590309
16279.101563	-75.789482
16365.234375	-76.002686
16451.367188	-77.531059
16537.500000	-78.642776
16623.632813	-77.888481
16709.765625	-75.958969
16795.898438	-75.830109
16882.031250	-77.558594
16968.164063	-80.488808
17054.296875	-84.355911
17140.429688	-92.126884
17226.562500	-85.967079
17312.695313	-81.851044
17398.828125	-79.763069
17484.960938	-80.091393
17571.093750	-78.485229
17657.226563	-76.408493
17743.359375	-75.695145
17829.492188	-74.825760
17915.625000	-72.073456
18001.757813	-71.469749
18087.890625	-73.246208
18174.023438	-76.016335
18260.156250	-81.058426
18346.289063	-86.497818
18432.421875	-87.169731
18518.554688	-85.425674
18604.687500	-80.936226
18690.820313	-79.528564
18776.953125	-80.620331
18863.085938	-82.329086
18949.218750	-84.988487
19035.351563	-90.587975
19121.484375	-98.675491
19207.617188	-105.027130
19293.750000	-101.703178
19379.882813	-99.296112
19466.015625	-105.862846
19552.148438	-99.123405
19638.281250	-92.110878
19724.414063	-91.464378
19810.546875	-93.476334
19896.679688	-96.229553
19982.812500	-101.570930
20068.945313	-103.343925
20155.078125	-112.917892
20241.210938	-106.454185
20327.343750	-107.588158
20413.476563	-107.767021
20499.609375	-107.855583
20585.742188	-109.288589
20671.875000	-107.481819
20758.007813	-102.688477
20844.140625	-101.430435
20930.273438	-102.330124
21016.406250	-105.297501
21102.539063	-110.077507
21188.671875	-110.426636
21274.804688	-111.469154
21360.937500	-111.927895
21447.070313	-116.423378
21533.203125	-118.396927
21619.335938	-120.015831
21705.468750	-124.146065
21791.601563	-129.595184
21877.734375	-128.128738
21963.867188	-131.159088
