Frequency (Hz)	Level (dB)
86.132813	-53.094570
172.265625	-54.672733
258.398438	-56.896221
344.531250	-59.327362
430.664063	-60.712872
516.796875	-61.521549
602.929688	-61.911362
689.062500	-62.983597
775.195313	-65.024429
861.328125	-67.653137
947.460938	-68.531845
1033.593750	-67.560219
1119.726563	-67.414093
1205.859375	-63.679699
1291.992188	-61.631107
1378.125000	-61.886108
1464.257813	-65.000473
1550.390625	-69.536285
1636.523438	-66.956543
1722.656250	-66.304321
1808.789063	-67.900154
1894.921875	-66.662163
1981.054688	-67.719612
2067.187500	-69.840935
2153.320313	-61.604759
2239.453125	-54.950825
2325.585938	-57.373161
2411.718750	-60.204144
2497.851563	-57.157780
2583.984375	-54.463356
2670.117188	-53.085979
2756.250000	-53.336166
2842.382813	-62.295578
2928.515625	-69.061539
3014.648438	-71.468269
3100.781250	-70.561226
3186.914063	-65.788757
3273.046875	-62.828709
3359.179688	-61.894516
3445.312500	-62.461662
3531.445313	-64.576355
3617.578125	-62.809669
3703.710938	-57.725391
3789.843750	-56.624393
3875.976563	-57.616978
3962.109375	-59.121162
4048.242188	-60.087009
4134.375000	-56.774780
4220.507813	-51.484505
4306.640625	-50.049747
4392.773438	-54.984196
4478.906250	-62.150581
4565.039063	-69.104874
4651.171875	-66.949738
4737.304688	-61.303638
4823.437500	-56.085835
4909.570313	-53.595909
4995.703125	-52.537094
5081.835938	-50.392406
5167.968750	-46.755039
5254.101563	-47.057667
5340.234375	-51.071690
5426.367188	-54.806877
5512.500000	-57.707401
5598.632813	-60.109455
5684.765625	-61.371128
5770.898438	-62.245712
5857.031250	-64.585030
5943.164063	-67.352524
6029.296875	-64.462173
6115.429688	-60.816769
6201.562500	-57.463882
6287.695313	-56.618210
6373.828125	-57.951164
6459.960938	-62.224304
6546.093750	-70.112770
6632.226563	-78.239616
6718.359375	-81.525139
6804.492188	-81.864655
6890.625000	-83.449501
6976.757813	-79.208321
7062.890625	-75.021118
7149.023438	-71.789703
7235.156250	-67.566925
7321.289063	-65.480362
7407.421875	-64.137993
7493.554688	-62.943787
7579.687500	-63.676708
7665.820313	-65.446709
7751.953125	-65.200722
7838.085938	-65.399559
7924.218750	-68.613953
8010.351563	-72.787239
8096.484375	-72.169258
8182.617188	-70.368027
8268.750000	-70.111267
8354.882813	-71.964279
8441.015625	-75.490898
8527.148438	-79.072815
8613.281250	-76.768639
8699.414063	-72.337044
8785.546875	-69.282310
8871.679688	-66.316658
8957.812500	-64.099388
9043.945313	-62.107937
9130.078125	-59.906673
9216.210938	-58.966702
9302.343750	-60.959675
9388.476563	-64.402672
9474.609375	-67.183189
9560.742188	-69.703423
9646.875000	-73.539627
9733.007813	-78.187820
9819.140625	-81.780411
9905.273438	-88.460213
9991.406250	-81.035393
10077.539063	-75.854210
10163.671875	-73.504517
10249.804688	-73.138992
10335.937500	-73.993713
10422.070313	-73.847137
10508.203125	-69.901314
10594.335938	-64.032875
10680.468750	-60.537960
10766.601563	-61.049736
10852.734375	-64.108246
10938.867188	-67.334793
11025.000000	-69.742455
11111.132813	-72.855667
11197.265625	-74.579597
11283.398438	-74.298393
11369.531250	-74.154007
11455.664063	-74.296143
11541.796875	-73.854416
11627.929688	-71.947533
11714.062500	-69.970840
11800.195313	-69.278030
11886.328125	-69.088760
11972.460938	-68.235359
12058.593750	-67.868309
12144.726563	-69.514465
12230.859375	-72.385391
12316.992188	-74.738373
12403.125000	-75.964874
12489.257813	-77.545486
12575.390625	-78.664703
12661.523438	-77.705658
12747.656250	-77.209145
12833.789063	-78.836945
12919.921875	-81.822876
13006.054688	-84.571297
13092.187500	-85.352287
13178.320313	-85.323616
13264.453125	-85.084610
13350.585938	-84.773087
13436.718750	-84.340912
13522.851563	-84.310158
13608.984375	-85.013565
13695.117188	-85.626122
13781.250000	-87.387939
13867.382813	-90.355202
13953.515625	-87.567215
14039.648438	-85.141769
14125.781250	-84.869965
14211.914063	-85.972816
14298.046875	-86.826508
14384.179688	-85.485107
14470.312500	-84.288513
14556.445313	-85.148979
14642.578125	-87.043930
14728.710938	-90.034065
14814.843750	-94.747490
14900.976563	-89.434700
14987.109375	-83.465843
15073.242188	-80.541107
15159.375000	-79.245934
15245.507813	-77.069603
15331.640625	-74.337090
15417.773438	-73.423904
15503.906250	-74.382515
15590.039063	-75.333588
15676.171875	-72.330086
15762.304688	-69.060860
15848.437500	-68.114395
15934.570313	-69.183144
16020.703125	-70.543015
16106.835938	-71.053505
16192.968750	-71.417923
16279.101563	-72.185303
16365.234375	-73.401855
16451.367188	-74.942055
16537.500000	-76.553848
16623.632813	-77.771118
16709.765625	-77.995697
16795.898438	-77.542084
16882.031250	-77.452965
16968.164063	-78.273598
17054.296875	-79.364876
17140.429688	-79.331543
17226.562500	-77.911430
17312.695313	-76.629959
17398.828125	-75.964180
17484.960938	-75.372734
17571.093750	-75.210487
17657.226563	-75.942863
17743.359375	-75.930107
17829.492188	-74.651787
17915.625000	-74.038338
18001.757813	-74.523109
18087.890625	-76.387146
18174.023438	-79.357277
18260.156250	-81.099991
18346.289063	-80.224319
18432.421875	-79.519058
18518.554688	-80.440636
18604.687500	-82.870049
18690.820313	-85.591698
18776.953125	-87.759178
18863.085938	-89.717484
18949.218750	-91.667114
19035.351563	-93.547180
19121.484375	-96.318977
19207.617188	-97.337669
19293.750000	-96.773087
19379.882813	-98.027580
19466.015625	-96.570251
19552.148438	-93.519638
19638.281250	-91.326591
19724.414063	-90.622330
19810.546875	-92.072899
19896.679688	-95.902458
19982.812500	-100.407234
20068.945313	-104.702118
20155.078125	-111.279228
20241.210938	-109.868507
20327.343750	-105.021057
20413.476563	-103.023415
20499.609375	-101.678925
20585.742188	-102.145256
20671.875000	-103.754822
20758.007813	-103.750198
20844.140625	-103.111275
20930.273438	-103.321854
21016.406250	-104.375710
21102.539063	-105.548843
21188.671875	-106.409966
21274.804688	-107.771004
21360.937500	-109.880516
21447.070313	-111.961983
21533.203125	-114.026695
21619.335938	-116.685394
21705.468750	-119.744957
21791.601563	-123.446938
21877.734375	-128.419388
21963.867188	-130.442444
