Frequency (Hz)	Level (dB)
86.132813	-51.446896
172.265625	-54.269817
258.398438	-57.060307
344.531250	-59.291100
430.664063	-60.673744
516.796875	-58.451656
602.929688	-58.219582
689.062500	-65.383926
775.195313	-64.992142
861.328125	-66.430267
947.460938	-66.540581
1033.593750	-66.295898
1119.726563	-54.057789
1205.859375	-48.083328
1291.992188	-50.299828
1378.125000	-55.786221
1464.257813	-57.430386
1550.390625	-59.779892
1636.523438	-62.029690
1722.656250	-63.851654
1808.789063	-59.422382
1894.921875	-51.899109
1981.054688	-48.224106
2067.187500	-52.847591
2153.320313	-58.197220
2239.453125	-58.849689
2325.585938	-61.917568
2411.718750	-65.426994
2497.851563	-64.247101
2583.984375	-60.036171
2670.117188	-57.513744
2756.250000	-58.189384
2842.382813	-61.897968
2928.515625	-61.484489
3014.648438	-62.913181
3100.781250	-66.623055
3186.914063	-66.955147
3273.046875	-65.631081
3359.179688	-63.710915
3445.312500	-61.153938
3531.445313	-55.453529
3617.578125	-55.761524
3703.710938	-62.662319
3789.843750	-58.270512
3875.976563	-57.255287
3962.109375	-60.412132
4048.242188	-55.739029
4134.375000	-51.888412
4220.507813	-53.871429
4306.640625	-62.046333
4392.773438	-58.990028
4478.906250	-54.478855
4565.039063	-50.631355
4651.171875	-53.811638
4737.304688	-52.674374
4823.437500	-45.014099
4909.570313	-44.770149
4995.703125	-52.731094
5081.835938	-58.963127
5167.968750	-60.537781
5254.101563	-59.082943
5340.234375	-57.966148
5426.367188	-57.732323
5512.500000	-56.528942
5598.632813	-52.919567
5684.765625	-52.645237
5770.898438	-56.916946
5857.031250	-56.497864
5943.164063	-59.718014
6029.296875	-61.680580
6115.429688	-66.622696
6201.562500	-67.643959
6287.695313	-64.687645
6373.828125	-68.876900
6459.960938	-66.098701
6546.093750	-61.202938
6632.226563	-60.891731
6718.359375	-62.476425
6804.492188	-63.502777
6890.625000	-66.340279
6976.757813	-64.252090
7062.890625	-63.555786
7149.023438	-60.807331
7235.156250	-61.143871
7321.289063	-68.059341
7407.421875	-74.931976
7493.554688	-77.221169
7579.687500	-78.734909
7665.820313	-79.193306
7751.953125	-74.076691
7838.085938	-70.483345
7924.218750	-72.365799
8010.351563	-73.818581
8096.484375	-67.701363
8182.617188	-66.299774
8268.750000	-71.366379
8354.882813	-77.432190
8441.015625	-80.551872
8527.148438	-83.404648
8613.281250	-86.043800
8699.414063	-85.612694
8785.546875	-86.011185
8871.679688	-83.832138
8957.812500	-79.038734
9043.945313	-78.289955
9130.078125	-80.122200
9216.210938	-77.266220
9302.343750	-78.938614
9388.476563	-84.072128
9474.609375	-85.837997
9560.742188	-81.548347
9646.875000	-76.381889
9733.007813	-71.823105
9819.140625	-70.619995
9905.273438	-71.783920
9991.406250	-67.508362
10077.539063	-61.177094
10163.671875	-60.092033
10249.804688	-63.958778
10335.937500	-67.794296
10422.070313	-70.187691
10508.203125	-72.648048
10594.335938	-74.321884
10680.468750	-73.603081
10766.601563	-74.138535
10852.734375	-74.071899
10938.867188	-71.701050
11025.000000	-72.358322
11111.132813	-77.445923
11197.265625	-83.770897
11283.398438	-85.633873
11369.531250	-85.017548
11455.664063	-81.460297
11541.796875	-82.246918
11627.929688	-82.063690
11714.062500	-78.503944
11800.195313	-80.616943
11886.328125	-87.622391
11972.460938	-87.130257
12058.593750	-82.355125
12144.726563	-82.930695
12230.859375	-86.529968
12316.992188	-83.173424
12403.125000	-78.757622
12489.257813	-80.070061
12575.390625	-85.370338
12661.523438	-90.072876
12747.656250	-89.898300
12833.789063	-90.909126
12919.921875	-93.412102
13006.054688	-89.347710
13092.187500	-85.820091
13178.320313	-85.363792
13264.453125	-89.281487
13350.585938	-94.657776
13436.718750	-94.322266
13522.851563	-91.349808
13608.984375	-90.316467
13695.117188	-87.210411
13781.250000	-86.166618
13867.382813	-83.404648
13953.515625	-79.702812
14039.648438	-79.436798
14125.781250	-82.361504
14211.914063	-83.029900
14298.046875	-85.710098
14384.179688	-87.071152
14470.312500	-91.530472
14556.445313	-92.133209
14642.578125	-92.540680
14728.710938	-89.303261
14814.843750	-85.681046
14900.976563	-87.807358
14987.109375	-92.403397
15073.242188	-88.824104
15159.375000	-91.058334
15245.507813	-94.019188
15331.640625	-93.124405
15417.773438	-89.797447
15503.906250	-89.804825
15590.039063	-86.912552
15676.171875	-88.680901
15762.304688	-93.498138
15848.437500	-88.959778
15934.570313	-87.555099
16020.703125	-86.784508
16106.835938	-86.758423
16192.968750	-85.924271
16279.101563	-86.672920
16365.234375	-90.185463
16451.367188	-94.150108
16537.500000	-94.968842
16623.632813	-95.643600
16709.765625	-97.892624
16795.898438	-100.238304
16882.031250	-99.883423
16968.164063	-102.544579
17054.296875	-105.793953
17140.429688	-105.765854
17226.562500	-104.412506
17312.695313	-103.185654
17398.828125	-96.514069
17484.960938	-94.622459
17571.093750	-98.282082
17657.226563	-98.026619
17743.359375	-94.751045
17829.492188	-97.895378
17915.625000	-95.136856
18001.757813	-92.060860
18087.890625	-93.984932
18174.023438	-99.094513
18260.156250	-104.973701
18346.289063	-104.121880
18432.421875	-100.146111
18518.554688	-94.573181
18604.687500	-94.036194
18690.820313	-94.338814
18776.953125	-92.934944
18863.085938	-94.725945
18949.218750	-97.901489
19035.351563	-100.856133
19121.484375	-102.491531
19207.617188	-101.102341
19293.750000	-98.238098
19379.882813	-98.879013
19466.015625	-103.497559
19552.148438	-108.112633
19638.281250	-109.466209
19724.414063	-107.409668
19810.546875	-99.850677
19896.679688	-98.837761
19982.812500	-104.606934
20068.945313	-109.517937
20155.078125	-106.766159
20241.210938	-108.049553
20327.343750	-115.143372
20413.476563	-112.866722
20499.609375	-112.483162
20585.742188	-114.371750
20671.875000	-115.377556
20758.007813	-114.782867
20844.140625	-119.584190
20930.273438	-114.519066
21016.406250	-114.964203
21102.539063	-119.357651
21188.671875	-116.551483
21274.804688	-119.449936
21360.937500	-126.403503
21447.070313	-132.917709
21533.203125	-129.240677
21619.335938	-130.475571
21705.468750	-139.121964
21791.601563	-136.108917
21877.734375	-136.733795
21963.867188	-143.332718
