Frequency (Hz)	Level (dB)
86.132813	-46.374271
172.265625	-48.712334
258.398438	-55.811039
344.531250	-58.625244
430.664063	-61.117523
516.796875	-59.853363
602.929688	-60.236370
689.062500	-61.633739
775.195313	-62.862186
861.328125	-64.021172
947.460938	-65.882133
1033.593750	-67.972954
1119.726563	-58.743256
1205.859375	-52.136978
1291.992188	-52.095673
1378.125000	-56.625519
1464.257813	-59.589314
1550.390625	-62.876190
1636.523438	-64.894714
1722.656250	-65.390228
1808.789063	-63.389004
1894.921875	-55.488945
1981.054688	-52.265522
2067.187500	-56.481621
2153.320313	-60.239738
2239.453125	-60.658848
2325.585938	-62.876617
2411.718750	-65.228119
2497.851563	-68.293457
2583.984375	-72.029221
2670.117188	-75.039925
2756.250000	-68.111641
2842.382813	-58.401245
2928.515625	-55.225857
3014.648438	-59.618324
3100.781250	-64.721329
3186.914063	-65.743874
3273.046875	-70.549484
3359.179688	-72.665115
3445.312500	-71.512856
3531.445313	-64.884087
3617.578125	-62.299480
3703.710938	-56.877903
3789.843750	-47.930836
3875.976563	-46.729076
3962.109375	-53.103821
4048.242188	-52.885101
4134.375000	-47.206291
4220.507813	-49.659496
4306.640625	-55.160828
4392.773438	-53.892025
4478.906250	-54.828266
4565.039063	-55.700977
4651.171875	-52.558098
4737.304688	-47.352959
4823.437500	-39.425732
4909.570313	-39.880215
4995.703125	-49.078224
5081.835938	-53.809559
5167.968750	-57.087978
5254.101563	-59.729839
5340.234375	-61.830105
5426.367188	-60.639950
5512.500000	-53.443275
5598.632813	-46.884590
5684.765625	-46.254566
5770.898438	-51.063648
5857.031250	-56.142403
5943.164063	-58.997890
6029.296875	-59.566433
6115.429688	-55.744411
6201.562500	-53.422691
6287.695313	-53.343914
6373.828125	-59.232780
6459.960938	-64.828751
6546.093750	-61.658531
6632.226563	-60.255356
6718.359375	-60.900333
6804.492188	-62.261555
6890.625000	-62.558578
6976.757813	-62.211277
7062.890625	-64.785431
7149.023438	-65.940659
7235.156250	-62.183781
7321.289063	-64.870277
7407.421875	-73.280167
7493.554688	-75.668823
7579.687500	-73.731590
7665.820313	-76.350410
7751.953125	-70.522369
7838.085938	-71.659821
7924.218750	-75.242851
8010.351563	-77.084923
8096.484375	-72.570389
8182.617188	-67.529480
8268.750000	-67.838440
8354.882813	-68.870415
8441.015625	-68.275108
8527.148438	-72.156738
8613.281250	-76.322578
8699.414063	-76.481400
8785.546875	-80.362709
8871.679688	-88.800896
8957.812500	-88.345901
9043.945313	-87.696953
9130.078125	-84.599396
9216.210938	-81.030663
9302.343750	-80.146088
9388.476563	-84.204010
9474.609375	-83.382568
9560.742188	-80.990540
9646.875000	-78.249123
9733.007813	-75.739563
9819.140625	-78.415520
9905.273438	-75.753220
9991.406250	-71.159569
10077.539063	-66.350670
10163.671875	-66.070587
10249.804688	-70.519493
10335.937500	-75.400764
10422.070313	-79.945702
10508.203125	-83.707436
10594.335938	-83.476143
10680.468750	-83.979698
10766.601563	-81.669548
10852.734375	-80.288101
10938.867188	-76.495422
11025.000000	-75.424553
11111.132813	-78.382790
11197.265625	-80.318169
11283.398438	-81.809227
11369.531250	-82.560135
11455.664063	-83.995758
11541.796875	-86.891800
11627.929688	-88.366531
11714.062500	-89.551834
11800.195313	-87.048660
11886.328125	-87.351082
11972.460938	-89.837791
12058.593750	-87.318176
12144.726563	-85.829353
12230.859375	-85.084587
12316.992188	-85.957047
12403.125000	-82.357620
12489.257813	-79.691010
12575.390625	-80.206161
12661.523438	-82.296593
12747.656250	-85.487930
12833.789063	-87.233940
12919.921875	-84.993660
13006.054688	-81.368141
13092.187500	-79.480499
13178.320313	-81.131943
13264.453125	-87.172279
13350.585938	-91.822205
13436.718750	-91.750198
13522.851563	-92.845901
13608.984375	-96.934425
13695.117188	-97.022469
13781.250000	-99.259682
13867.382813	-103.264206
13953.515625	-88.591095
14039.648438	-81.702980
14125.781250	-80.550674
14211.914063	-82.507317
14298.046875	-88.439995
14384.179688	-90.007401
14470.312500	-89.541183
14556.445313	-88.961906
14642.578125	-84.362434
14728.710938	-82.036385
14814.843750	-82.326187
14900.976563	-84.572968
14987.109375	-87.735542
15073.242188	-92.643684
15159.375000	-95.823746
15245.507813	-102.317841
15331.640625	-100.145905
15417.773438	-94.770493
15503.906250	-91.921425
15590.039063	-90.762344
15676.171875	-91.721794
15762.304688	-93.347206
15848.437500	-95.972343
15934.570313	-99.556137
16020.703125	-97.782402
16106.835938	-91.158356
16192.968750	-88.538132
16279.101563	-86.982216
16365.234375	-85.258751
16451.367188	-86.881271
16537.500000	-90.296028
16623.632813	-90.923889
16709.765625	-93.349899
16795.898438	-93.496361
16882.031250	-94.248291
16968.164063	-93.612503
17054.296875	-95.060486
17140.429688	-98.640106
17226.562500	-98.459076
17312.695313	-99.708092
17398.828125	-100.981728
17484.960938	-97.938438
17571.093750	-100.356323
17657.226563	-102.430344
17743.359375	-98.968880
17829.492188	-98.144211
17915.625000	-98.522888
18001.757813	-101.537544
18087.890625	-98.408173
18174.023438	-96.796455
18260.156250	-96.412186
18346.289063	-96.999054
18432.421875	-99.453415
18518.554688	-97.615425
18604.687500	-95.537346
18690.820313	-96.218872
18776.953125	-96.014099
18863.085938	-92.877571
18949.218750	-90.580048
19035.351563	-89.176277
19121.484375	-90.303841
19207.617188	-94.371719
19293.750000	-96.047890
19379.882813	-92.859856
19466.015625	-91.235565
19552.148438	-91.427658
19638.281250	-92.138161
19724.414063	-94.868332
19810.546875	-98.507515
19896.679688	-103.673485
19982.812500	-108.615814
20068.945313	-110.870682
20155.078125	-111.268990
20241.210938	-113.964600
20327.343750	-113.569283
20413.476563	-110.099854
20499.609375	-108.083313
20585.742188	-108.078056
20671.875000	-109.693245
20758.007813	-108.751610
20844.140625	-110.444229
20930.273438	-114.416016
21016.406250	-116.762077
21102.539063	-115.619774
21188.671875	-114.250641
21274.804688	-117.602623
21360.937500	-118.278442
21447.070313	-118.685806
21533.203125	-123.815475
21619.335938	-128.242340
21705.468750	-134.465820
21791.601563	-133.157837
21877.734375	-135.093796
21963.867188	-141.288544
