Frequency (Hz)	Level (dB)
86.132813	-48.294537
172.265625	-50.148884
258.398438	-57.415394
344.531250	-61.043495
430.664063	-63.647125
516.796875	-62.641457
602.929688	-62.457718
689.062500	-63.821693
775.195313	-65.477829
861.328125	-66.993141
947.460938	-68.776581
1033.593750	-72.077888
1119.726563	-64.928505
1205.859375	-59.581062
1291.992188	-58.012314
1378.125000	-60.282684
1464.257813	-62.157822
1550.390625	-64.735245
1636.523438	-65.670158
1722.656250	-63.065769
1808.789063	-61.144051
1894.921875	-58.576092
1981.054688	-55.340168
2067.187500	-63.931820
2153.320313	-63.566891
2239.453125	-65.378899
2325.585938	-65.408417
2411.718750	-66.979378
2497.851563	-69.395546
2583.984375	-70.494911
2670.117188	-71.527359
2756.250000	-75.766464
2842.382813	-67.988190
2928.515625	-63.088799
3014.648438	-65.124290
3100.781250	-68.265991
3186.914063	-70.771454
3273.046875	-74.676117
3359.179688	-74.145683
3445.312500	-72.163269
3531.445313	-68.447525
3617.578125	-64.485703
3703.710938	-56.897713
3789.843750	-48.708149
3875.976563	-47.309277
3962.109375	-53.543308
4048.242188	-61.787781
4134.375000	-55.045143
4220.507813	-55.420883
4306.640625	-59.059021
4392.773438	-56.633148
4478.906250	-55.451370
4565.039063	-56.318710
4651.171875	-54.902405
4737.304688	-48.264900
4823.437500	-40.239326
4909.570313	-40.524864
4995.703125	-49.458492
5081.835938	-56.909801
5167.968750	-59.713234
5254.101563	-61.012489
5340.234375	-63.218941
5426.367188	-62.305927
5512.500000	-55.415657
5598.632813	-48.627460
5684.765625	-47.948391
5770.898438	-52.942333
5857.031250	-59.058006
5943.164063	-62.010052
6029.296875	-59.714085
6115.429688	-59.136154
6201.562500	-54.693501
6287.695313	-55.134594
6373.828125	-62.310661
6459.960938	-64.737907
6546.093750	-62.700779
6632.226563	-62.349957
6718.359375	-62.854988
6804.492188	-63.584957
6890.625000	-64.082664
6976.757813	-64.559776
7062.890625	-67.789360
7149.023438	-65.487724
7235.156250	-60.772007
7321.289063	-63.363903
7407.421875	-70.137733
7493.554688	-73.711403
7579.687500	-76.454735
7665.820313	-71.220108
7751.953125	-63.579628
7838.085938	-63.697514
7924.218750	-70.730728
8010.351563	-74.058693
8096.484375	-68.523140
8182.617188	-65.516090
8268.750000	-66.597298
8354.882813	-67.148132
8441.015625	-66.501518
8527.148438	-69.788277
8613.281250	-73.779022
8699.414063	-79.060280
8785.546875	-82.009811
8871.679688	-83.568741
8957.812500	-83.962128
9043.945313	-83.505470
9130.078125	-84.329163
9216.210938	-84.895882
9302.343750	-84.042099
9388.476563	-84.432121
9474.609375	-86.360268
9560.742188	-83.407043
9646.875000	-79.166855
9733.007813	-77.620659
9819.140625	-81.063164
9905.273438	-76.430687
9991.406250	-71.417740
10077.539063	-67.022522
10163.671875	-67.473747
10249.804688	-72.877663
10335.937500	-78.894951
10422.070313	-84.453529
10508.203125	-88.155586
10594.335938	-86.320946
10680.468750	-87.519577
10766.601563	-81.701515
10852.734375	-79.188675
10938.867188	-75.785545
11025.000000	-74.707100
11111.132813	-78.931847
11197.265625	-81.165894
11283.398438	-81.406601
11369.531250	-83.901917
11455.664063	-83.886482
11541.796875	-85.569397
11627.929688	-87.585373
11714.062500	-85.353775
11800.195313	-86.562714
11886.328125	-86.867805
11972.460938	-85.604988
12058.593750	-85.778641
12144.726563	-83.494629
12230.859375	-82.705856
12316.992188	-82.438660
12403.125000	-79.755745
12489.257813	-78.183716
12575.390625	-78.827278
12661.523438	-80.238098
12747.656250	-83.502350
12833.789063	-86.589012
12919.921875	-84.358521
13006.054688	-81.838425
13092.187500	-79.897865
13178.320313	-81.466492
13264.453125	-86.317947
13350.585938	-90.599388
13436.718750	-91.410072
13522.851563	-93.925323
13608.984375	-97.840546
13695.117188	-98.361389
13781.250000	-98.021622
13867.382813	-100.309959
13953.515625	-96.722397
14039.648438	-97.279724
14125.781250	-88.889214
14211.914063	-84.103981
14298.046875	-84.162491
14384.179688	-91.013695
14470.312500	-87.491615
14556.445313	-87.594902
14642.578125	-86.762436
14728.710938	-81.013687
14814.843750	-79.359154
14900.976563	-79.469406
14987.109375	-82.113152
15073.242188	-86.648094
15159.375000	-89.662910
15245.507813	-92.797951
15331.640625	-93.948822
15417.773438	-91.779572
15503.906250	-91.124306
15590.039063	-90.031845
15676.171875	-90.005676
15762.304688	-97.006897
15848.437500	-96.717064
15934.570313	-96.364746
16020.703125	-91.719482
16106.835938	-86.640816
16192.968750	-85.610176
16279.101563	-87.623245
16365.234375	-86.967262
16451.367188	-88.093285
16537.500000	-91.396973
16623.632813	-93.090584
16709.765625	-95.551010
16795.898438	-95.452377
16882.031250	-96.126900
16968.164063	-99.175735
17054.296875	-102.273499
17140.429688	-102.111504
17226.562500	-99.030693
17312.695313	-96.037109
17398.828125	-95.083542
17484.960938	-98.559181
17571.093750	-97.194397
17657.226563	-93.331528
17743.359375	-92.368248
17829.492188	-94.290405
17915.625000	-95.340210
18001.757813	-95.337082
18087.890625	-97.904152
18174.023438	-97.449562
18260.156250	-99.679047
18346.289063	-102.632248
18432.421875	-101.472710
18518.554688	-98.739326
18604.687500	-97.832169
18690.820313	-99.277222
18776.953125	-99.544800
18863.085938	-96.077148
18949.218750	-93.016159
19035.351563	-92.085075
19121.484375	-93.020737
19207.617188	-96.191978
19293.750000	-100.143509
19379.882813	-97.317719
19466.015625	-94.140709
19552.148438	-93.064018
19638.281250	-93.210030
19724.414063	-95.197037
19810.546875	-99.239258
19896.679688	-103.595016
19982.812500	-104.876823
20068.945313	-109.266243
20155.078125	-114.164925
20241.210938	-114.541229
20327.343750	-116.756966
20413.476563	-113.336502
20499.609375	-110.830513
20585.742188	-107.144203
20671.875000	-106.902596
20758.007813	-108.067970
20844.140625	-111.522476
20930.273438	-116.847504
21016.406250	-113.995384
21102.539063	-114.813995
21188.671875	-114.991524
21274.804688	-114.208893
21360.937500	-116.794266
21447.070313	-119.780739
21533.203125	-125.394127
21619.335938	-133.611755
21705.468750	-132.776611
21791.601563	-137.237473
21877.734375	-140.174133
21963.867188	-139.174957
